004_frame_0_1_0 / 2 / [(0.870961, 0.519609, 0.108859, 0.126375) - (0.945367, 0.515539, 0.109266, 0.131203)] [(0.24643, 0.656734, 0.138172, 0.081687) - (0.260336, 0.717562, 0.113828, 0.076469)]
004_frame_3_5_0 / 1 / [(0.146258, 0.735313, 0.107891, 0.121656) - (0.086648, 0.722758, 0.081453, 0.080453)]
004_frame_9_1_0 / 1 / [(0.876063, 0.513414, 0.104719, 0.113984) - (0.948922, 0.505867, 0.102156, 0.111453)]
006_frame_1_0_0 / 3 / [(0.572664, 0.459586, 0.073328, 0.108672) - (0.546609, 0.534242, 0.084813, 0.118391)] [(0.663672, 0.718891, 0.119281, 0.091875) - (0.729937, 0.775875, 0.121031, 0.103375)] [(0.729937, 0.775875, 0.121031, 0.103375) - (0.746727, 0.850094, 0.128109, 0.101594)]
006_frame_29_0_0 / 3 / [(0.605156, 0.770945, 0.161625, 0.078203) - (0.528203, 0.811055, 0.068375, 0.117172)] [(0.528203, 0.811055, 0.068375, 0.117172) - (0.559734, 0.849023, 0.061344, 0.090516)] [(0.559734, 0.849023, 0.061344, 0.090516) - (0.605492, 0.892016, 0.130734, 0.109125)]
006_frame_33_0_0 / 5 / [(0.696398, 0.400227, 0.091016, 0.100078) - (0.626711, 0.420094, 0.100078, 0.087)] [(0.591766, 0.709227, 0.110625, 0.089016) - (0.570141, 0.76982, 0.102594, 0.073422)] [(0.570141, 0.76982, 0.102594, 0.073422) - (0.53268, 0.809805, 0.079953, 0.108109)] [(0.53268, 0.809805, 0.079953, 0.108109) - (0.553547, 0.859336, 0.059344, 0.085484)] [(0.553547, 0.859336, 0.059344, 0.085484) - (0.585727, 0.904336, 0.096547, 0.126203)]
006_frame_3_0_0 / 3 / [(0.572148, 0.450867, 0.071203, 0.124297) - (0.541375, 0.522008, 0.105594, 0.108016)] [(0.645766, 0.736523, 0.132156, 0.098953) - (0.742914, 0.763672, 0.155078, 0.123094)] [(0.742914, 0.763672, 0.155078, 0.123094) - (0.734469, 0.848156, 0.1575, 0.092937)]
006_frame_6_0_0 / 1 / [(0.565211, 0.444414, 0.100172, 0.135766) - (0.526891, 0.508977, 0.074219, 0.121297)]
006_frame_8_0_0 / 2 / [(0.566383, 0.450563, 0.096297, 0.130406) - (0.514711, 0.498195, 0.076641, 0.124234)] [(0.591523, 0.778766, 0.083266, 0.09775) - (0.532383, 0.799883, 0.077234, 0.091734)]
all_ants_0-024_frame_140_1762_449 / 6 / [(0.852195, 0.54243, 0.100078, 0.077984) - (0.911289, 0.572031, 0.102609, 0.105063)] [(0.852195, 0.54243, 0.100078, 0.077984) - (0.817344, 0.485414, 0.084313, 0.135391)] [(0.34825, 0.279664, 0.086937, 0.105453) - (0.312383, 0.310539, 0.053203, 0.083609)] [(0.200586, 0.385852, 0.070859, 0.050266) - (0.159578, 0.382852, 0.058187, 0.064922)] [(0.270813, 0.52593, 0.081156, 0.123078) - (0.239539, 0.59975, 0.120734, 0.102094)] [(0.239539, 0.59975, 0.120734, 0.102094) - (0.21025, 0.642922, 0.074031, 0.060969)]
all_ants_0-024_frame_180_354_3130 / 4 / [(0.488406, 0.30518, 0.062844, 0.133172) - (0.461562, 0.375203, 0.120812, 0.113719)] [(0.343805, 0.211289, 0.091047, 0.097203) - (0.382523, 0.216953, 0.048609, 0.048281)] [(0.472969, 0.440328, 0.092188, 0.110031) - (0.548578, 0.420312, 0.101875, 0.144625)] [(0.472969, 0.440328, 0.092188, 0.110031) - (0.461562, 0.375203, 0.120812, 0.113719)]
all_ants_0-024_frame_20_1762_449 / 6 / [(0.198313, 0.385328, 0.07125, 0.0485) - (0.161187, 0.382359, 0.06825, 0.066312)] [(0.271453, 0.526578, 0.084313, 0.1235) - (0.230187, 0.598523, 0.134594, 0.099297)] [(0.230187, 0.598523, 0.134594, 0.099297) - (0.194539, 0.643477, 0.087484, 0.058828)] [(0.906234, 0.607148, 0.119031, 0.094297) - (0.873555, 0.542539, 0.077516, 0.088797)] [(0.873555, 0.542539, 0.077516, 0.088797) - (0.848125, 0.485359, 0.090437, 0.113531)] [(0.348922, 0.280406, 0.087781, 0.106031) - (0.311469, 0.311922, 0.048156, 0.082469)]
all_ants_0-024_frame_260_354_3130 / 3 / [(0.467492, 0.44257, 0.102453, 0.104141) - (0.450414, 0.369234, 0.099672, 0.122063)] [(0.450414, 0.369234, 0.099672, 0.122063) - (0.494922, 0.31268, 0.066625, 0.103016)] [(0.377734, 0.215406, 0.056438, 0.049406) - (0.343633, 0.211734, 0.091266, 0.097469)]
all_ants_0-024_frame_400_1762_449 / 3 / [(0.352328, 0.282789, 0.076594, 0.100109) - (0.311602, 0.31118, 0.045109, 0.080484)] [(0.160555, 0.383102, 0.071141, 0.067266) - (0.200984, 0.386016, 0.071156, 0.051313)] [(0.270664, 0.52657, 0.081641, 0.125984) - (0.258031, 0.593641, 0.064156, 0.110031)]
all_ants_0-024_frame_40_1870_2950 / 1 / [(0.508406, 0.427539, 0.093031, 0.097391) - (0.432609, 0.441586, 0.106094, 0.099359)]
all_ants_0-024_frame_40_354_3130 / 3 / [(0.378727, 0.213953, 0.055422, 0.051781) - (0.344523, 0.211867, 0.091703, 0.096984)] [(0.4925, 0.29718, 0.064062, 0.123109) - (0.449781, 0.358344, 0.095, 0.144875)] [(0.449781, 0.358344, 0.095, 0.144875) - (0.465672, 0.444594, 0.094844, 0.098687)]
all_ants_0-024_frame_420_1762_449 / 3 / [(0.353563, 0.282211, 0.080156, 0.099953) - (0.31143, 0.311828, 0.050266, 0.079562)] [(0.197188, 0.387305, 0.072875, 0.054422) - (0.161461, 0.382906, 0.069578, 0.066531)] [(0.271484, 0.526383, 0.081156, 0.125891) - (0.259633, 0.593281, 0.074078, 0.10925)]
all_ants_0-024_frame_440_1870_2950 / 1 / [(0.499406, 0.49675, 0.083125, 0.117344) - (0.441453, 0.502211, 0.117344, 0.144422)]
all_ants_0-043_frame_120_227_2930 / 5 / [(0.6685, 0.414352, 0.072031, 0.078891) - (0.708258, 0.402773, 0.042609, 0.063453)] [(0.729305, 0.370852, 0.044203, 0.073234) - (0.708258, 0.402773, 0.042609, 0.063453)] [(0.680156, 0.493961, 0.061688, 0.072578) - (0.640406, 0.531578, 0.083125, 0.100281)] [(0.68807, 0.763945, 0.110172, 0.148453) - (0.611969, 0.755992, 0.098969, 0.162953)] [(0.611969, 0.755992, 0.098969, 0.162953) - (0.556047, 0.69975, 0.127, 0.084125)]
all_ants_0-043_frame_150_227_2930 / 4 / [(0.803617, 0.443289, 0.100297, 0.108547) - (0.76807, 0.392906, 0.050766, 0.0845)] [(0.646867, 0.400273, 0.084391, 0.103672) - (0.674992, 0.414859, 0.055578, 0.077625)] [(0.669438, 0.8345, 0.118938, 0.094469) - (0.668992, 0.910937, 0.125578, 0.124813)] [(0.089898, 0.532445, 0.113547, 0.118234) - (0.034031, 0.546555, 0.068062, 0.064484)]
all_ants_0-043_frame_180_1336_3098 / 2 / [(0.53493, 0.564477, 0.090203, 0.153953) - (0.485555, 0.543289, 0.088266, 0.092141)] [(0.569922, 0.256156, 0.08475, 0.10575) - (0.529836, 0.318562, 0.140734, 0.114688)]
all_ants_0-043_frame_225_227_2930 / 3 / [(0.888227, 0.436094, 0.080234, 0.120313) - (0.848016, 0.367477, 0.101531, 0.092609)] [(0.780656, 0.375711, 0.066688, 0.091797) - (0.760188, 0.445562, 0.0675, 0.099)] [(0.717336, 0.408477, 0.044328, 0.048141) - (0.729195, 0.371328, 0.039422, 0.080187)]
all_ants_0-043_frame_240_1786_386 / 4 / [(0.602508, 0.540156, 0.074422, 0.092625) - (0.605078, 0.605875, 0.115188, 0.077594)] [(0.605078, 0.605875, 0.115188, 0.077594) - (0.534422, 0.566875, 0.089469, 0.121531)] [(0.604164, 0.712242, 0.100547, 0.065703) - (0.587742, 0.758711, 0.123891, 0.104516)] [(0.326867, 0.56593, 0.149234, 0.128266) - (0.364297, 0.524563, 0.091094, 0.097781)]
all_ants_0-043_frame_320_1786_386 / 3 / [(0.527109, 0.572211, 0.10225, 0.108859) - (0.600844, 0.60618, 0.126344, 0.079172)] [(0.242555, 0.353594, 0.111234, 0.103719) - (0.298016, 0.335266, 0.081375, 0.061844)] [(0.59975, 0.543672, 0.081156, 0.085781) - (0.600844, 0.60618, 0.126344, 0.079172)]
all_ants_0-043_frame_435_227_2930 / 9 / [(0.753789, 0.323203, 0.133359, 0.089031) - (0.723664, 0.37257, 0.048203, 0.073484)] [(0.723664, 0.37257, 0.048203, 0.073484) - (0.701656, 0.405125, 0.049719, 0.047031)] [(0.722492, 0.453641, 0.110422, 0.115875) - (0.701656, 0.405125, 0.049719, 0.047031)] [(0.722492, 0.453641, 0.110422, 0.115875) - (0.659164, 0.417141, 0.100766, 0.096875)] [(0.722492, 0.453641, 0.110422, 0.115875) - (0.680797, 0.494492, 0.108281, 0.129328)] [(0.701656, 0.405125, 0.049719, 0.047031) - (0.659164, 0.417141, 0.100766, 0.096875)] [(0.659164, 0.417141, 0.100766, 0.096875) - (0.612609, 0.398523, 0.105312, 0.075453)] [(0.659164, 0.417141, 0.100766, 0.096875) - (0.680797, 0.494492, 0.108281, 0.129328)] [(0.680797, 0.494492, 0.108281, 0.129328) - (0.638008, 0.584937, 0.118578, 0.128312)]
all_ants_0-043_frame_460_1786_386 / 7 / [(0.303125, 0.254336, 0.125625, 0.100984) - (0.240313, 0.260656, 0.06825, 0.088313)] [(0.212977, 0.696164, 0.067047, 0.062766) - (0.185641, 0.705195, 0.073469, 0.154359)] [(0.185641, 0.705195, 0.073469, 0.154359) - (0.145789, 0.672695, 0.092891, 0.118516)] [(0.534047, 0.55943, 0.117188, 0.079391) - (0.595695, 0.553164, 0.090172, 0.092609)] [(0.595695, 0.553164, 0.090172, 0.092609) - (0.611352, 0.614188, 0.110703, 0.073156)] [(0.611352, 0.614188, 0.110703, 0.073156) - (0.549016, 0.655102, 0.137469, 0.082797)] [(0.549016, 0.655102, 0.137469, 0.082797) - (0.515078, 0.708227, 0.105531, 0.072453)]
all_ants_0-043_frame_510_227_2930 / 4 / [(0.796297, 0.370047, 0.077844, 0.150219) - (0.771555, 0.380602, 0.066891, 0.062547)] [(0.670648, 0.437398, 0.049266, 0.060734) - (0.63743, 0.448414, 0.073984, 0.113859)] [(0.63743, 0.448414, 0.073984, 0.113859) - (0.596195, 0.4145, 0.073984, 0.101937)] [(0.823766, 0.541992, 0.146531, 0.132234) - (0.754055, 0.57707, 0.080266, 0.067891)]
all_ants_0-043_frame_570_227_2930 / 3 / [(0.720039, 0.372906, 0.054234, 0.074031) - (0.763039, 0.386687, 0.062234, 0.071594)] [(0.681141, 0.449398, 0.087438, 0.089734) - (0.630266, 0.452359, 0.058219, 0.102906)] [(0.630266, 0.452359, 0.058219, 0.102906) - (0.60618, 0.40825, 0.071484, 0.087406)]
all_ants_0-043_frame_580_1786_386 / 10 / [(0.345086, 0.043227, 0.072578, 0.086453) - (0.306844, 0.076188, 0.074219, 0.084125)] [(0.306844, 0.076188, 0.074219, 0.084125) - (0.307172, 0.145469, 0.085438, 0.096656)] [(0.306844, 0.076188, 0.074219, 0.084125) - (0.305719, 0.143383, 0.087938, 0.092609)] [(0.307172, 0.145469, 0.085438, 0.096656) - (0.253242, 0.13343, 0.053453, 0.079828)] [(0.307172, 0.145469, 0.085438, 0.096656) - (0.305719, 0.143383, 0.087938, 0.092609)] [(0.253242, 0.13343, 0.053453, 0.079828) - (0.305719, 0.143383, 0.087938, 0.092609)] [(0.332547, 0.305, 0.128656, 0.113156) - (0.323805, 0.228461, 0.146797, 0.093359)] [(0.332547, 0.305, 0.128656, 0.113156) - (0.297539, 0.334758, 0.077203, 0.054984)] [(0.534484, 0.549742, 0.116281, 0.065422) - (0.604992, 0.54975, 0.076422, 0.100063)] [(0.208437, 0.699727, 0.09375, 0.069672) - (0.16057, 0.647086, 0.096984, 0.112422)]
all_ants_0-043_frame_60_227_2930 / 4 / [(0.557156, 0.66682, 0.100344, 0.075828) - (0.574453, 0.736234, 0.123937, 0.119344)] [(0.79882, 0.354, 0.134484, 0.090719) - (0.777313, 0.394328, 0.065281, 0.076969)] [(0.44293, 0.439055, 0.113203, 0.086703) - (0.40593, 0.379281, 0.085109, 0.10175)] [(0.706266, 0.412992, 0.045125, 0.041016) - (0.673937, 0.413727, 0.081188, 0.080359)]
all_ants_0-043_frame_620_1786_386 / 5 / [(0.308656, 0.138242, 0.085906, 0.073641) - (0.255891, 0.132578, 0.055813, 0.079563)] [(0.308656, 0.138242, 0.085906, 0.073641) - (0.303016, 0.075727, 0.062344, 0.088078)] [(0.361406, 0.078063, 0.089781, 0.111156) - (0.303016, 0.075727, 0.062344, 0.088078)] [(0.36375, 0.204414, 0.130625, 0.094672) - (0.313773, 0.267258, 0.122391, 0.103578)] [(0.608688, 0.540266, 0.069281, 0.078844) - (0.537766, 0.550336, 0.122719, 0.066641)]
all_ants_0-061_frame_120_2060_3000 / 2 / [(0.371094, 0.273328, 0.083625, 0.116062) - (0.334297, 0.262266, 0.079687, 0.124469)] [(0.334297, 0.262266, 0.079687, 0.124469) - (0.290844, 0.200391, 0.100156, 0.089813)]
all_ants_0-061_frame_140_2060_3000 / 2 / [(0.405156, 0.239562, 0.108813, 0.110156) - (0.338195, 0.250898, 0.096391, 0.098828)] [(0.338195, 0.250898, 0.096391, 0.098828) - (0.296477, 0.199336, 0.110172, 0.089641)]
all_ants_0-061_frame_140_300_2800 / 1 / [(0.561227, 0.201938, 0.101703, 0.113312) - (0.477859, 0.18007, 0.116, 0.101734)]
all_ants_0-061_frame_20_2060_3000 / 1 / [(0.294742, 0.196102, 0.110359, 0.082047) - (0.354398, 0.226445, 0.082922, 0.108047)]
all_ants_0-061_frame_220_1750_300 / 1 / [(0.447742, 0.132641, 0.092328, 0.123312) - (0.396586, 0.136945, 0.097766, 0.086328)]
all_ants_0-061_frame_270_300_2800 / 1 / [(0.398633, 0.235063, 0.086953, 0.111906) - (0.454594, 0.208641, 0.115656, 0.088188)]
all_ants_0-061_frame_300_300_2800 / 2 / [(0.478273, 0.328969, 0.143234, 0.128312) - (0.556656, 0.34507, 0.099375, 0.110109)] [(0.632703, 0.377266, 0.106844, 0.106375) - (0.556656, 0.34507, 0.099375, 0.110109)]
all_ants_0-061_frame_390_300_2800 / 1 / [(0.66157, 0.257383, 0.102797, 0.092703) - (0.590016, 0.233195, 0.143781, 0.141078)]
all_ants_0-061_frame_40_1750_300 / 1 / [(0.340195, 0.758227, 0.079703, 0.058703) - (0.353617, 0.807211, 0.084016, 0.079703)]
all_ants_0-061_frame_420_300_2800 / 3 / [(0.496133, 0.200852, 0.143703, 0.098922) - (0.566828, 0.258719, 0.105906, 0.124125)] [(0.601812, 0.200383, 0.112437, 0.097047) - (0.566828, 0.258719, 0.105906, 0.124125)] [(0.887109, 0.459094, 0.099844, 0.116188) - (0.842578, 0.53118, 0.140469, 0.143703)]
all_ants_0-061_frame_520_300_2800 / 5 / [(0.562742, 0.189844, 0.129859, 0.100312) - (0.654852, 0.182063, 0.125922, 0.104969)] [(0.654852, 0.182063, 0.125922, 0.104969) - (0.675492, 0.238828, 0.135297, 0.153969)] [(0.675492, 0.238828, 0.135297, 0.153969) - (0.755773, 0.267602, 0.124797, 0.084766)] [(0.783578, 0.225211, 0.087094, 0.088641) - (0.755773, 0.267602, 0.124797, 0.084766)] [(0.755773, 0.267602, 0.124797, 0.084766) - (0.743727, 0.339719, 0.140359, 0.096813)]
all_ants_0-061_frame_550_300_2800 / 3 / [(0.695617, 0.184117, 0.126359, 0.110484) - (0.791516, 0.190297, 0.120531, 0.079406)] [(0.791516, 0.190297, 0.120531, 0.079406) - (0.78293, 0.231422, 0.085859, 0.052812)] [(0.78293, 0.231422, 0.085859, 0.052812) - (0.732852, 0.265445, 0.095859, 0.082609)]
all_ants_0-061_frame_60_2060_3000 / 1 / [(0.294445, 0.200648, 0.106109, 0.092547) - (0.322852, 0.247891, 0.092922, 0.121688)]
all_ants_0-061_frame_60_300_2800 / 1 / [(0.538383, 0.198016, 0.092297, 0.11925) - (0.457219, 0.211688, 0.13025, 0.11975)]
all_ants_0-061_frame_80_2060_3000 / 2 / [(0.389328, 0.25825, 0.111781, 0.132031) - (0.327406, 0.246828, 0.099875, 0.085313)] [(0.327406, 0.246828, 0.099875, 0.085313) - (0.292047, 0.201461, 0.099906, 0.093422)]
ant_subset_1-000_det_dataset_0_000001_14_7 / 1 / [(0.52890625, 0.584375, 0.1390625, 0.1) - (0.6234375, 0.5859375, 0.140625, 0.09375)]
ant_subset_1-000_det_dataset_0_000001_1_7 / 1 / [(0.46796875, 0.9328125, 0.1390625, 0.1) - (0.5625, 0.934375, 0.140625, 0.09375)]
ant_subset_1-000_det_dataset_0_000002_2_7 / 1 / [(0.4078125, 0.47734375, 0.14375, 0.1015625) - (0.50546875, 0.478125, 0.1421875, 0.09375)]
ant_subset_1-000_det_dataset_0_000003_2_7 / 1 / [(0.6859375, 0.77890625, 0.14375, 0.1015625) - (0.7625, 0.78203125, 0.18125, 0.0984375)]
ant_subset_1-000_det_dataset_0_000004_11_3 / 1 / [(0.9484375, 0.5703125, 0.103125, 0.11875) - (0.94296875, 0.65390625, 0.1140625, 0.1203125)]
ant_subset_1-000_det_dataset_0_000004_9_4 / 2 / [(0.15625, 0.08125, 0.109375, 0.11875) - (0.16640625, 0.16484375, 0.1515625, 0.1203125)] [(0.72265625, 0.12109375, 0.1359375, 0.1171875) - (0.75, 0.18515625, 0.15, 0.1046875)]
ant_subset_1-000_det_dataset_0_000006_18_4 / 1 / [(0.7359375, 0.24453125, 0.14375, 0.1109375) - (0.803125, 0.30625, 0.1375, 0.103125)]
ant_subset_1-000_det_dataset_0_000007_11_7 / 1 / [(0.5421875, 0.61875, 0.153125, 0.103125) - (0.62890625, 0.621875, 0.1578125, 0.096875)]
ant_subset_1-000_det_dataset_0_000017_18_3 / 1 / [(0.14765625, 0.30234375, 0.1421875, 0.1015625) - (0.0609375, 0.33046875, 0.121875, 0.1109375)]
ant_subset_1-000_det_dataset_0_000017_6_4 / 1 / [(0.53515625, 0.13046875, 0.1421875, 0.1015625) - (0.428125, 0.15859375, 0.1625, 0.1109375)]
ant_subset_1-000_det_dataset_0_000021_7_4 / 1 / [(0.08671875, 0.90546875, 0.1453125, 0.1140625) - (0.0734375, 0.95703125, 0.146875, 0.0859375)]
ant_subset_1-000_det_dataset_0_000022_13_3 / 1 / [(0.6, 0.5671875, 0.15625, 0.125) - (0.60234375, 0.48203125, 0.1421875, 0.1109375)]
ant_subset_1-000_det_dataset_0_000022_8_4 / 1 / [(0.19375, 0.96796875, 0.15625, 0.0640625) - (0.19609375, 0.91328125, 0.1421875, 0.1109375)]
ant_subset_1-000_det_dataset_0_000027_5_7 / 2 / [(0.528125, 0.8046875, 0.146875, 0.10625) - (0.62734375, 0.80546875, 0.1453125, 0.0984375)] [(0.6953125, 0.72890625, 0.121875, 0.1515625) - (0.62734375, 0.80546875, 0.1453125, 0.0984375)]
ant_subset_1-000_det_dataset_0_000029_1_6 / 2 / [(0.90625, 0.4765625, 0.14375, 0.1) - (0.81484375, 0.47421875, 0.1484375, 0.1046875)] [(0.90625, 0.4765625, 0.14375, 0.1) - (0.96015625, 0.4, 0.0796875, 0.15)]
ant_subset_1-000_det_dataset_0_000030_5_7 / 2 / [(0.36328125, 0.29765625, 0.1515625, 0.1046875) - (0.4375, 0.22109375, 0.121875, 0.1515625)] [(0.36328125, 0.29765625, 0.1515625, 0.1046875) - (0.2703125, 0.29140625, 0.146875, 0.1046875)]
ant_subset_1-000_det_dataset_0_000031_16_7 / 1 / [(0.67734375, 0.7796875, 0.1421875, 0.109375) - (0.76796875, 0.7890625, 0.1578125, 0.10625)]
ant_subset_1-000_det_dataset_0_000031_3_7 / 1 / [(0.17890625, 0.5171875, 0.1421875, 0.109375) - (0.26953125, 0.5265625, 0.1578125, 0.10625)]
ant_subset_1-000_det_dataset_0_000032_2_8 / 2 / [(0.22421875, 0.81875, 0.1453125, 0.1125) - (0.32109375, 0.828125, 0.1515625, 0.10625)] [(0.32109375, 0.828125, 0.1515625, 0.10625) - (0.39453125, 0.75078125, 0.1234375, 0.1515625)]
ant_subset_1-000_det_dataset_0_000033_16_3 / 1 / [(0.69140625, 0.31640625, 0.1453125, 0.1265625) - (0.6171875, 0.24765625, 0.1375, 0.1046875)]
ant_subset_1-000_det_dataset_0_000033_2_7 / 2 / [(0.32578125, 0.596875, 0.1453125, 0.103125) - (0.39453125, 0.521875, 0.1234375, 0.15)] [(0.32578125, 0.596875, 0.1453125, 0.103125) - (0.225, 0.5859375, 0.140625, 0.1125)]
ant_subset_1-000_det_dataset_0_000034_3_6 / 2 / [(0.64453125, 0.4453125, 0.1390625, 0.1125) - (0.74609375, 0.45703125, 0.1453125, 0.1015625)] [(0.74609375, 0.45703125, 0.1453125, 0.1015625) - (0.81640625, 0.38046875, 0.1234375, 0.1484375)]
ant_subset_1-000_det_dataset_0_000035_11_3 / 1 / [(0.2640625, 0.38671875, 0.1375, 0.1078125) - (0.3046875, 0.46953125, 0.140625, 0.1203125)]
ant_subset_1-000_det_dataset_0_000038_17_3 / 1 / [(0.153125, 0.51640625, 0.146875, 0.1234375) - (0.15859375, 0.428125, 0.1328125, 0.109375)]
ant_subset_1-000_det_dataset_0_000039_4_8 / 4 / [(0.7953125, 0.90078125, 0.140625, 0.1171875) - (0.7921875, 0.809375, 0.11875, 0.128125)] [(0.7953125, 0.90078125, 0.140625, 0.1171875) - (0.89375, 0.915625, 0.146875, 0.1)] [(0.7953125, 0.90078125, 0.140625, 0.1171875) - (0.69453125, 0.88671875, 0.1609375, 0.1328125)] [(0.95078125, 0.84375, 0.0984375, 0.140625) - (0.89375, 0.915625, 0.146875, 0.1)]
ant_subset_1-000_det_dataset_0_000041_1_8 / 4 / [(0.7140625, 0.8828125, 0.146875, 0.103125) - (0.6171875, 0.86640625, 0.140625, 0.1140625)] [(0.7140625, 0.8828125, 0.146875, 0.103125) - (0.79296875, 0.8125, 0.1328125, 0.146875)] [(0.5171875, 0.8453125, 0.153125, 0.140625) - (0.6171875, 0.86640625, 0.140625, 0.1140625)] [(0.6171875, 0.86640625, 0.140625, 0.1140625) - (0.61484375, 0.77421875, 0.1203125, 0.1328125)]
ant_subset_1-000_det_dataset_0_000044_10_8 / 4 / [(0.74453125, 0.9109375, 0.1390625, 0.109375) - (0.6640625, 0.8609375, 0.146875, 0.11875)] [(0.74453125, 0.9109375, 0.1390625, 0.109375) - (0.7484375, 0.8171875, 0.1375, 0.134375)] [(0.74453125, 0.9109375, 0.1390625, 0.109375) - (0.84921875, 0.92734375, 0.1359375, 0.1046875)] [(0.6640625, 0.8609375, 0.146875, 0.11875) - (0.7484375, 0.8171875, 0.1375, 0.134375)]
ant_subset_1-000_det_dataset_0_000044_17_6 / 4 / [(0.04765625, 0.3, 0.0953125, 0.109375) - (0.009375, 0.25, 0.01875, 0.11875)] [(0.04765625, 0.3, 0.0953125, 0.109375) - (0.04921875, 0.20625, 0.0984375, 0.134375)] [(0.04765625, 0.3, 0.0953125, 0.109375) - (0.13046875, 0.31640625, 0.1359375, 0.1046875)] [(0.009375, 0.25, 0.01875, 0.11875) - (0.04921875, 0.20625, 0.0984375, 0.134375)]
ant_subset_1-000_det_dataset_0_000045_3_8 / 4 / [(0.3390625, 0.82734375, 0.14375, 0.1109375) - (0.2546875, 0.77890625, 0.146875, 0.1203125)] [(0.3390625, 0.82734375, 0.14375, 0.1109375) - (0.4390625, 0.846875, 0.1375, 0.10625)] [(0.3390625, 0.82734375, 0.14375, 0.1109375) - (0.33828125, 0.73203125, 0.1359375, 0.1328125)] [(0.2546875, 0.77890625, 0.146875, 0.1203125) - (0.33828125, 0.73203125, 0.1359375, 0.1328125)]
ant_subset_1-000_det_dataset_0_000046_21_7 / 4 / [(0.36328125, 0.4296875, 0.1359375, 0.1125) - (0.2625, 0.40234375, 0.140625, 0.1109375)] [(0.17890625, 0.3515625, 0.1453125, 0.125) - (0.2578125, 0.30859375, 0.121875, 0.1296875)] [(0.17890625, 0.3515625, 0.1453125, 0.125) - (0.2625, 0.40234375, 0.140625, 0.1109375)] [(0.2578125, 0.30859375, 0.121875, 0.1296875) - (0.2625, 0.40234375, 0.140625, 0.1109375)]
ant_subset_1-000_det_dataset_0_000047_10_8 / 4 / [(0.3359375, 0.696875, 0.121875, 0.13125) - (0.33984375, 0.790625, 0.1390625, 0.10625)] [(0.3359375, 0.696875, 0.121875, 0.13125) - (0.25703125, 0.7359375, 0.1421875, 0.121875)] [(0.4359375, 0.81796875, 0.1375, 0.1171875) - (0.33984375, 0.790625, 0.1390625, 0.10625)] [(0.33984375, 0.790625, 0.1390625, 0.10625) - (0.25703125, 0.7359375, 0.1421875, 0.121875)]
ant_subset_1-000_det_dataset_0_000047_3_8 / 4 / [(0.696875, 0.875, 0.121875, 0.13125) - (0.70078125, 0.9578125, 0.1390625, 0.084375)] [(0.696875, 0.875, 0.121875, 0.13125) - (0.61796875, 0.9140625, 0.1421875, 0.121875)] [(0.796875, 0.96875, 0.1375, 0.0625) - (0.70078125, 0.9578125, 0.1390625, 0.084375)] [(0.70078125, 0.9578125, 0.1390625, 0.084375) - (0.61796875, 0.9140625, 0.1421875, 0.121875)]
ant_subset_1-000_det_dataset_0_000048_9_8 / 4 / [(0.153125, 0.68671875, 0.128125, 0.1328125) - (0.07265625, 0.71953125, 0.1453125, 0.1296875)] [(0.153125, 0.68671875, 0.128125, 0.1328125) - (0.15390625, 0.7796875, 0.1359375, 0.1125)] [(0.07265625, 0.71953125, 0.1453125, 0.1296875) - (0.15390625, 0.7796875, 0.1359375, 0.1125)] [(0.253125, 0.81015625, 0.1375, 0.1171875) - (0.15390625, 0.7796875, 0.1359375, 0.1125)]
ant_subset_1-000_det_dataset_0_000049_12_6 / 4 / [(0.19375, 0.09609375, 0.134375, 0.1328125) - (0.11171875, 0.12578125, 0.1453125, 0.1328125)] [(0.19375, 0.09609375, 0.134375, 0.1328125) - (0.19765625, 0.18515625, 0.1359375, 0.1109375)] [(0.11171875, 0.12578125, 0.1453125, 0.1328125) - (0.19765625, 0.18515625, 0.1359375, 0.1109375)] [(0.290625, 0.2203125, 0.140625, 0.11875) - (0.19765625, 0.18515625, 0.1359375, 0.1109375)]
ant_subset_1-000_det_dataset_0_000049_13_8 / 4 / [(0.834375, 0.73828125, 0.134375, 0.1328125) - (0.75234375, 0.76796875, 0.1453125, 0.1328125)] [(0.834375, 0.73828125, 0.134375, 0.1328125) - (0.83828125, 0.82734375, 0.1359375, 0.1109375)] [(0.75234375, 0.76796875, 0.1453125, 0.1328125) - (0.83828125, 0.82734375, 0.1359375, 0.1109375)] [(0.93046875, 0.8625, 0.1390625, 0.11875) - (0.83828125, 0.82734375, 0.1359375, 0.1109375)]
ant_subset_1-000_det_dataset_0_000049_8_4 / 1 / [(0.22578125, 0.26328125, 0.1203125, 0.1390625) - (0.16484375, 0.25546875, 0.0921875, 0.1234375)]
ant_subset_1-000_det_dataset_0_000050_2_8 / 4 / [(0.25078125, 0.79453125, 0.1390625, 0.1140625) - (0.16171875, 0.7359375, 0.1484375, 0.134375)] [(0.25078125, 0.79453125, 0.1390625, 0.1140625) - (0.2421875, 0.709375, 0.13125, 0.13125)] [(0.25078125, 0.79453125, 0.1390625, 0.1140625) - (0.34296875, 0.834375, 0.1359375, 0.121875)] [(0.16171875, 0.7359375, 0.1484375, 0.134375) - (0.2421875, 0.709375, 0.13125, 0.13125)]
ant_subset_1-000_det_dataset_0_000052_18_6 / 3 / [(0.9578125, 0.696875, 0.084375, 0.13125) - (0.96171875, 0.784375, 0.0765625, 0.1125)] [(0.9578125, 0.696875, 0.084375, 0.13125) - (0.89765625, 0.71875, 0.1453125, 0.146875)] [(0.96171875, 0.784375, 0.0765625, 0.1125) - (0.89765625, 0.71875, 0.1453125, 0.146875)]
ant_subset_1-000_det_dataset_0_000052_3_8 / 3 / [(0.29765625, 0.690625, 0.1328125, 0.13125) - (0.3078125, 0.778125, 0.1375, 0.1125)] [(0.29765625, 0.690625, 0.1328125, 0.13125) - (0.21328125, 0.7125, 0.1453125, 0.146875)] [(0.3078125, 0.778125, 0.1375, 0.1125) - (0.390625, 0.8296875, 0.1375, 0.125)]
ant_subset_1-000_det_dataset_0_000053_15_5 / 1 / [(0.6171875, 0.1375, 0.09375, 0.1125) - (0.6890625, 0.171875, 0.1125, 0.146875)]
ant_subset_1-000_det_dataset_0_000053_1_6 / 1 / [(0.4921875, 0.94765625, 0.09375, 0.1046875) - (0.5640625, 0.95625, 0.1125, 0.0875)]
ant_subset_1-000_det_dataset_0_000053_4_7 / 3 / [(0.42109375, 0.5578125, 0.1328125, 0.128125) - (0.3453125, 0.49921875, 0.14375, 0.1140625)] [(0.246875, 0.43125, 0.15, 0.15) - (0.3359375, 0.4109375, 0.13125, 0.13125)] [(0.3453125, 0.49921875, 0.14375, 0.1140625) - (0.3359375, 0.4109375, 0.13125, 0.13125)]
ant_subset_1-000_det_dataset_0_000053_9_4 / 1 / [(0.0640625, 0.7625, 0.09375, 0.1125) - (0.1359375, 0.796875, 0.1125, 0.146875)]
ant_subset_1-000_det_dataset_0_000054_7_8 / 3 / [(0.33125, 0.68125, 0.128125, 0.128125) - (0.34140625, 0.771875, 0.1421875, 0.1125)] [(0.33125, 0.68125, 0.128125, 0.128125) - (0.2390625, 0.6984375, 0.146875, 0.146875)] [(0.384375, 0.8265625, 0.171875, 0.140625) - (0.34140625, 0.771875, 0.1421875, 0.1125)]
ant_subset_1-000_det_dataset_0_000057_1_6 / 2 / [(0.171875, 0.2453125, 0.140625, 0.134375) - (0.26640625, 0.24765625, 0.1234375, 0.1265625)] [(0.26640625, 0.24765625, 0.1234375, 0.1265625) - (0.28125, 0.33671875, 0.140625, 0.1078125)]
ant_subset_1-000_det_dataset_0_000058_17_7 / 2 / [(0.684375, 0.878125, 0.140625, 0.1375) - (0.77890625, 0.88515625, 0.1234375, 0.1265625)] [(0.77890625, 0.88515625, 0.1234375, 0.1265625) - (0.79453125, 0.9609375, 0.1421875, 0.078125)]
ant_subset_1-000_det_dataset_0_000058_4_7 / 2 / [(0.1375, 0.3828125, 0.140625, 0.1375) - (0.23203125, 0.38984375, 0.1234375, 0.1265625)] [(0.23203125, 0.38984375, 0.1234375, 0.1265625) - (0.24765625, 0.48125, 0.1421875, 0.109375)]
ant_subset_1-000_det_dataset_0_000059_1_9 / 3 / [(0.440625, 0.63515625, 0.14375, 0.1390625) - (0.5359375, 0.64375, 0.125, 0.125)] [(0.5890625, 0.825, 0.14375, 0.121875) - (0.55546875, 0.7359375, 0.1453125, 0.1125)] [(0.5359375, 0.64375, 0.125, 0.125) - (0.55546875, 0.7359375, 0.1453125, 0.1125)]
ant_subset_1-000_det_dataset_0_000059_4_8 / 3 / [(0.2765625, 0.71953125, 0.14375, 0.1390625) - (0.371875, 0.728125, 0.125, 0.125)] [(0.425, 0.909375, 0.14375, 0.121875) - (0.39140625, 0.8203125, 0.1453125, 0.1125)] [(0.371875, 0.728125, 0.125, 0.125) - (0.39140625, 0.8203125, 0.1453125, 0.1125)]
ant_subset_1-000_det_dataset_0_000060_1_8 / 2 / [(0.3984375, 0.81953125, 0.140625, 0.1015625) - (0.3703125, 0.734375, 0.121875, 0.121875)] [(0.3703125, 0.734375, 0.121875, 0.121875) - (0.28046875, 0.71796875, 0.1359375, 0.1390625)]
ant_subset_1-000_det_dataset_0_000061_3_6 / 1 / [(0.22734375, 0.1703125, 0.1203125, 0.121875) - (0.1453125, 0.15, 0.121875, 0.1375)]
ant_subset_1-000_det_dataset_0_000063_18_6 / 3 / [(0.0640625, 0.121875, 0.128125, 0.146875) - (0.134375, 0.1515625, 0.128125, 0.134375)] [(0.16640625, 0.315625, 0.1484375, 0.14375) - (0.16953125, 0.2359375, 0.1515625, 0.10625)] [(0.16953125, 0.2359375, 0.1515625, 0.10625) - (0.134375, 0.1515625, 0.128125, 0.134375)]
ant_subset_1-000_det_dataset_0_000063_3_8 / 3 / [(0.29375, 0.7125, 0.134375, 0.146875) - (0.3671875, 0.7421875, 0.128125, 0.134375)] [(0.39921875, 0.90625, 0.1484375, 0.14375) - (0.40234375, 0.8265625, 0.1515625, 0.10625)] [(0.40234375, 0.8265625, 0.1515625, 0.10625) - (0.3671875, 0.7421875, 0.128125, 0.134375)]
ant_subset_1-000_det_dataset_0_000064_11_9 / 2 / [(0.5796875, 0.67109375, 0.125, 0.1359375) - (0.5109375, 0.63125, 0.140625, 0.1375)] [(0.6046875, 0.85234375, 0.134375, 0.1109375) - (0.62265625, 0.7703125, 0.1546875, 0.13125)]
ant_subset_1-000_det_dataset_0_000064_20_6 / 3 / [(0.3, 0.06484375, 0.125, 0.1296875) - (0.34296875, 0.1609375, 0.1546875, 0.13125)] [(0.3, 0.06484375, 0.125, 0.1296875) - (0.23125, 0.0453125, 0.140625, 0.090625)] [(0.325, 0.24296875, 0.134375, 0.1109375) - (0.34296875, 0.1609375, 0.1546875, 0.13125)]
ant_subset_1-000_det_dataset_0_000066_18_8 / 2 / [(0.3375, 0.64921875, 0.1375, 0.1265625) - (0.40390625, 0.6984375, 0.1296875, 0.1375)] [(0.4234375, 0.87890625, 0.140625, 0.1140625) - (0.46015625, 0.7953125, 0.1671875, 0.13125)]
ant_subset_1-000_det_dataset_0_000066_8_9 / 2 / [(0.5609375, 0.55390625, 0.1375, 0.1265625) - (0.62734375, 0.603125, 0.1296875, 0.1375)] [(0.646875, 0.78359375, 0.140625, 0.1140625) - (0.68359375, 0.7, 0.1671875, 0.13125)]
ant_subset_1-000_det_dataset_0_000067_14_6 / 1 / [(0.08828125, 0.18046875, 0.1265625, 0.1296875) - (0.04609375, 0.1359375, 0.0921875, 0.121875)]
ant_subset_1-000_det_dataset_0_000067_19_5 / 1 / [(0.6703125, 0.28984375, 0.109375, 0.1203125) - (0.71953125, 0.3796875, 0.1390625, 0.146875)]
ant_subset_1-000_det_dataset_0_000068_16_6 / 1 / [(0.17421875, 0.08125, 0.1328125, 0.128125) - (0.1078125, 0.04921875, 0.140625, 0.0984375)]
ant_subset_1-000_det_dataset_0_000068_7_9 / 1 / [(0.63671875, 0.6296875, 0.1328125, 0.128125) - (0.5703125, 0.58671875, 0.140625, 0.1203125)]
ant_subset_1-000_det_dataset_0_000068_8_5 / 1 / [(0.67265625, 0.4796875, 0.1140625, 0.128125) - (0.72109375, 0.56796875, 0.1484375, 0.1515625)]
ant_subset_1-000_det_dataset_0_000069_7_5 / 1 / [(0.90390625, 0.3859375, 0.1515625, 0.146875) - (0.86328125, 0.29375, 0.1109375, 0.134375)]
ant_subset_1-000_det_dataset_0_000070_17_7 / 1 / [(0.68203125, 0.42109375, 0.1359375, 0.1203125) - (0.759375, 0.46796875, 0.1375, 0.1203125)]
ant_subset_1-000_det_dataset_0_000070_2_8 / 1 / [(0.15703125, 0.61484375, 0.1359375, 0.1203125) - (0.234375, 0.66171875, 0.1375, 0.1203125)]
ant_subset_1-000_det_dataset_0_000071_13_6 / 1 / [(0.23828125, 0.2609375, 0.1359375, 0.13125) - (0.31328125, 0.3109375, 0.1359375, 0.11875)]
ant_subset_1-000_det_dataset_0_000071_8_5 / 1 / [(0.7546875, 0.3453125, 0.10625, 0.125) - (0.78203125, 0.42890625, 0.1453125, 0.1359375)]
ant_subset_1-000_det_dataset_0_000072_1_8 / 1 / [(0.421875, 0.68046875, 0.140625, 0.1234375) - (0.34609375, 0.62265625, 0.1421875, 0.1328125)]
ant_subset_1-000_det_dataset_0_000072_3_5 / 1 / [(0.5421875, 0.2046875, 0.1125, 0.128125) - (0.55625, 0.2953125, 0.13125, 0.125)]
ant_subset_1-000_det_dataset_0_000073_17_4 / 1 / [(0.55859375, 0.6625, 0.1109375, 0.13125) - (0.56796875, 0.74921875, 0.1296875, 0.1109375)]
ant_subset_1-000_det_dataset_0_000073_1_8 / 1 / [(0.41484375, 0.59765625, 0.1453125, 0.1296875) - (0.4875, 0.65859375, 0.1375, 0.1234375)]
ant_subset_1-000_det_dataset_0_000073_6_5 / 1 / [(0.11640625, 0.3078125, 0.1109375, 0.13125) - (0.12578125, 0.39453125, 0.1296875, 0.1109375)]
ant_subset_1-000_det_dataset_0_000074_18_5 / 1 / [(0.7734375, 0.5171875, 0.109375, 0.128125) - (0.78359375, 0.59765625, 0.1328125, 0.1078125)]
ant_subset_1-000_det_dataset_0_000074_8_7 / 1 / [(0.06640625, 0.5796875, 0.1296875, 0.121875) - (0.0359375, 0.509375, 0.071875, 0.13125)]
ant_subset_1-000_det_dataset_0_000075_1_5 / 1 / [(0.5828125, 0.3953125, 0.13125, 0.1125) - (0.57109375, 0.31875, 0.1078125, 0.13125)]
ant_subset_1-000_det_dataset_0_000076_15_4 / 1 / [(0.06484375, 0.2078125, 0.1203125, 0.125) - (0.04921875, 0.128125, 0.0984375, 0.109375)]
ant_subset_1-000_det_dataset_0_000076_19_2 / 1 / [(0.59609375, 0.4609375, 0.1203125, 0.125) - (0.57578125, 0.38125, 0.1078125, 0.109375)]
ant_subset_1-000_det_dataset_0_000077_13_4 / 1 / [(0.92421875, 0.33984375, 0.1234375, 0.1234375) - (0.90546875, 0.25625, 0.1078125, 0.1125)]
ant_subset_1-000_det_dataset_0_000077_14_4 / 1 / [(0.15078125, 0.88984375, 0.1390625, 0.1359375) - (0.09140625, 0.80859375, 0.1453125, 0.1421875)]
ant_subset_1-000_det_dataset_0_000078_2_4 / 1 / [(0.078125, 0.3671875, 0.128125, 0.128125) - (0.0546875, 0.2875, 0.109375, 0.10625)]
ant_subset_1-000_det_dataset_0_000078_7_7 / 2 / [(0.76953125, 0.55625, 0.1390625, 0.140625) - (0.69140625, 0.521875, 0.1484375, 0.1625)] [(0.69140625, 0.521875, 0.1484375, 0.1625) - (0.62109375, 0.58203125, 0.1515625, 0.1171875)]
ant_subset_1-000_det_dataset_0_000078_9_5 / 1 / [(0.7953125, 0.30625, 0.1125, 0.125) - (0.803125, 0.38125, 0.140625, 0.115625)]
ant_subset_1-000_det_dataset_0_000079_14_4 / 1 / [(0.67109375, 0.7046875, 0.1078125, 0.11875) - (0.678125, 0.7828125, 0.146875, 0.121875)]
ant_subset_1-000_det_dataset_0_000080_10_4 / 1 / [(0.046875, 0.7796875, 0.09375, 0.121875) - (0.03046875, 0.7015625, 0.0609375, 0.11875)]
ant_subset_1-000_det_dataset_0_000080_13_2 / 1 / [(0.44453125, 0.76328125, 0.1328125, 0.1328125) - (0.415625, 0.69140625, 0.128125, 0.1140625)]
ant_subset_1-000_det_dataset_0_000080_4_5 / 1 / [(0.615625, 0.3328125, 0.15, 0.121875) - (0.60625, 0.2546875, 0.103125, 0.11875)]
ant_subset_1-000_det_dataset_0_000081_12_3 / 1 / [(0.4765625, 0.20546875, 0.140625, 0.1359375) - (0.41484375, 0.1171875, 0.1484375, 0.125)]
ant_subset_1-000_det_dataset_0_000081_1_5 / 1 / [(0.5203125, 0.35390625, 0.15, 0.1140625) - (0.51484375, 0.2765625, 0.0984375, 0.115625)]
ant_subset_1-000_det_dataset_0_000081_5_3 / 1 / [(0.03828125, 0.65859375, 0.0765625, 0.1171875) - (0.0546875, 0.73125, 0.109375, 0.1375)]
ant_subset_1-000_det_dataset_0_000082_13_4 / 1 / [(0.5734375, 0.078125, 0.103125, 0.11875) - (0.571875, 0.15546875, 0.159375, 0.1171875)]
ant_subset_1-000_det_dataset_0_000082_2_8 / 1 / [(0.9703125, 0.6125, 0.059375, 0.115625) - (0.925, 0.5875, 0.134375, 0.1125)]
ant_subset_1-000_det_dataset_0_000082_7_4 / 1 / [(0.4296875, 0.51015625, 0.13125, 0.1390625) - (0.37265625, 0.41875, 0.1515625, 0.125)]
ant_subset_1-000_det_dataset_0_000082_8_6 / 1 / [(0.4703125, 0.29375, 0.125, 0.115625) - (0.3921875, 0.26875, 0.134375, 0.1125)]
ant_subset_1-000_det_dataset_0_000082_9_4 / 1 / [(0.1953125, 0.40703125, 0.134375, 0.1390625) - (0.1546875, 0.3390625, 0.128125, 0.109375)]
ant_subset_1-000_det_dataset_0_000083_4_8 / 1 / [(0.91484375, 0.65546875, 0.1296875, 0.1078125) - (0.96484375, 0.6765625, 0.0703125, 0.121875)]
ant_subset_1-000_det_dataset_0_000083_6_5 / 1 / [(0.5390625, 0.453125, 0.1125, 0.134375) - (0.54453125, 0.52421875, 0.1578125, 0.1171875)]
ant_subset_1-000_det_dataset_0_000083_7_3 / 1 / [(0.26953125, 0.8828125, 0.1265625, 0.140625) - (0.21328125, 0.7921875, 0.1640625, 0.125)]
ant_subset_1-000_det_dataset_0_000083_8_3 / 1 / [(0.64140625, 0.36875, 0.1265625, 0.140625) - (0.58515625, 0.278125, 0.1640625, 0.125)]
ant_subset_1-000_det_dataset_0_000084_4_3 / 1 / [(0.07578125, 0.43515625, 0.1265625, 0.1046875) - (0.1203125, 0.47890625, 0.165625, 0.1703125)]
ant_subset_1-000_det_dataset_0_000084_5_3 / 1 / [(0.60390625, 0.23203125, 0.1296875, 0.1390625) - (0.55703125, 0.13671875, 0.1609375, 0.1234375)]
ant_subset_1-000_det_dataset_0_000084_6_3 / 2 / [(0.70546875, 0.5453125, 0.1796875, 0.1375) - (0.77890625, 0.471875, 0.1421875, 0.115625)] [(0.70546875, 0.5453125, 0.1796875, 0.1375) - (0.73046875, 0.56796875, 0.1390625, 0.1140625)]
ant_subset_1-000_det_dataset_0_000085_1_3 / 1 / [(0.13515625, 0.54140625, 0.1578125, 0.1234375) - (0.1734375, 0.63125, 0.128125, 0.14375)]
ant_subset_1-000_det_dataset_0_000085_6_5 / 1 / [(0.67578125, 0.57421875, 0.1546875, 0.1171875) - (0.675, 0.49765625, 0.1, 0.1171875)]
ant_subset_1-000_det_dataset_0_000085_9_2 / 1 / [(0.440625, 0.50390625, 0.14375, 0.1234375) - (0.37265625, 0.58515625, 0.1703125, 0.1390625)]
ant_subset_1-000_det_dataset_0_000086_14_3 / 1 / [(0.48671875, 0.11484375, 0.1390625, 0.1515625) - (0.47578125, 0.05625, 0.1515625, 0.1125)]
ant_subset_1-000_det_dataset_0_000086_15_8 / 1 / [(0.48046875, 0.56796875, 0.1328125, 0.1109375) - (0.5578125, 0.59921875, 0.13125, 0.1140625)]
ant_subset_1-000_det_dataset_0_000086_1_2 / 1 / [(0.70390625, 0.46171875, 0.1453125, 0.1234375) - (0.6390625, 0.3921875, 0.125, 0.115625)]
ant_subset_1-000_det_dataset_0_000087_17_2 / 1 / [(0.653125, 0.6859375, 0.15, 0.125) - (0.66953125, 0.76328125, 0.1140625, 0.1296875)]
ant_subset_1-000_det_dataset_0_000087_3_4 / 1 / [(0.80859375, 0.35390625, 0.1546875, 0.1171875) - (0.80625, 0.27890625, 0.103125, 0.1203125)]
ant_subset_1-000_det_dataset_0_000088_10_8 / 1 / [(0.89921875, 0.68046875, 0.1359375, 0.1140625) - (0.95234375, 0.7125, 0.0953125, 0.1125)]
ant_subset_1-000_det_dataset_0_000088_11_3 / 1 / [(0.8265625, 0.21171875, 0.146875, 0.1171875) - (0.83046875, 0.29765625, 0.1140625, 0.1296875)]
ant_subset_1-000_det_dataset_0_000088_4_5 / 1 / [(0.56015625, 0.37890625, 0.1453125, 0.1171875) - (0.5546875, 0.309375, 0.109375, 0.134375)]
ant_subset_1-000_det_dataset_0_000089_12_7 / 1 / [(0.19453125, 0.60703125, 0.1359375, 0.1109375) - (0.2671875, 0.6390625, 0.1375, 0.1125)]
ant_subset_1-000_det_dataset_0_000089_14_3 / 1 / [(0.11484375, 0.10859375, 0.0984375, 0.1203125) - (0.1203125, 0.18203125, 0.146875, 0.1171875)]
ant_subset_1-000_det_dataset_0_000089_7_7 / 1 / [(0.69765625, 0.66171875, 0.1359375, 0.1109375) - (0.7703125, 0.69375, 0.1375, 0.1125)]
ant_subset_1-000_det_dataset_0_000090_11_3 / 1 / [(0.7359375, 0.490625, 0.11875, 0.13125) - (0.759375, 0.403125, 0.15, 0.115625)]
ant_subset_1-000_det_dataset_0_000090_12_4 / 1 / [(0.04140625, 0.4859375, 0.0828125, 0.13125) - (0.0609375, 0.3984375, 0.121875, 0.115625)]
ant_subset_1-000_det_dataset_0_000090_2_8 / 1 / [(0.81796875, 0.65859375, 0.1359375, 0.1140625) - (0.8890625, 0.6921875, 0.140625, 0.1125)]
ant_subset_1-000_det_dataset_0_000090_3_5 / 1 / [(0.5671875, 0.6015625, 0.146875, 0.115625) - (0.5609375, 0.5296875, 0.103125, 0.121875)]
ant_subset_1-000_det_dataset_0_000091_12_3 / 1 / [(0.2109375, 0.378125, 0.11875, 0.128125) - (0.23515625, 0.296875, 0.1578125, 0.115625)]
ant_subset_1-000_det_dataset_0_000091_9_5 / 1 / [(0.50234375, 0.4859375, 0.1578125, 0.11875) - (0.49453125, 0.41328125, 0.1109375, 0.1265625)]
ant_subset_1-000_det_dataset_0_000092_20_3 / 1 / [(0.72265625, 0.240625, 0.1109375, 0.128125) - (0.7703125, 0.16796875, 0.15625, 0.1203125)]
ant_subset_1-000_det_dataset_0_000092_3_5 / 1 / [(0.9734375, 0.61015625, 0.053125, 0.1265625) - (0.965625, 0.68046875, 0.06875, 0.1203125)]
ant_subset_1-000_det_dataset_0_000092_4_7 / 2 / [(0.55234375, 0.69765625, 0.1453125, 0.1078125) - (0.596875, 0.62265625, 0.1375, 0.1109375)] [(0.5171875, 0.57734375, 0.121875, 0.1109375) - (0.596875, 0.62265625, 0.1375, 0.1109375)]
ant_subset_1-000_det_dataset_0_000092_7_4 / 1 / [(0.52890625, 0.86484375, 0.1140625, 0.1265625) - (0.53515625, 0.93515625, 0.1578125, 0.1203125)]
ant_subset_1-000_det_dataset_0_000093_16_5 / 1 / [(0.51640625, 0.4421875, 0.1140625, 0.125) - (0.5265625, 0.515625, 0.15625, 0.11875)]
ant_subset_1-000_det_dataset_0_000093_19_7 / 2 / [(0.18203125, 0.87734375, 0.1328125, 0.1109375) - (0.24453125, 0.9328125, 0.1609375, 0.13125)] [(0.24453125, 0.9328125, 0.1609375, 0.13125) - (0.2203125, 0.97109375, 0.153125, 0.0578125)]
ant_subset_1-000_det_dataset_0_000093_9_8 / 2 / [(0.85078125, 0.48046875, 0.1328125, 0.1109375) - (0.91328125, 0.5359375, 0.1609375, 0.13125)] [(0.91328125, 0.5359375, 0.1609375, 0.13125) - (0.8890625, 0.6, 0.153125, 0.109375)]
ant_subset_1-000_det_dataset_0_000094_2_4 / 1 / [(0.7140625, 0.49296875, 0.11875, 0.1265625) - (0.725, 0.56484375, 0.15625, 0.1171875)]
ant_subset_1-000_det_dataset_0_000094_9_3 / 1 / [(0.82578125, 0.20546875, 0.1078125, 0.1265625) - (0.8875, 0.13828125, 0.153125, 0.1234375)]
ant_subset_1-000_det_dataset_0_000095_11_3 / 1 / [(0.178125, 0.79609375, 0.1125, 0.1296875) - (0.24921875, 0.73515625, 0.1546875, 0.1328125)]
ant_subset_1-000_det_dataset_0_000095_2_5 / 1 / [(0.80703125, 0.4828125, 0.1203125, 0.128125) - (0.82421875, 0.5546875, 0.1578125, 0.11875)]
ant_subset_1-000_det_dataset_0_000096_3_4 / 1 / [(0.31015625, 0.4296875, 0.1578125, 0.115625) - (0.29765625, 0.3578125, 0.1203125, 0.125)]
ant_subset_1-000_det_dataset_0_000098_15_5 / 1 / [(0.83203125, 0.784375, 0.1578125, 0.11875) - (0.8125, 0.7171875, 0.125, 0.1375)]
ant_subset_1-000_det_dataset_0_000098_5_5 / 1 / [(0.41484375, 0.31875, 0.1578125, 0.11875) - (0.3953125, 0.2515625, 0.125, 0.1375)]
ant_subset_1-000_det_dataset_0_000100_6_4 / 1 / [(0.2953125, 0.42109375, 0.159375, 0.1234375) - (0.26875, 0.35078125, 0.13125, 0.1265625)]
ant_subset_1-000_det_dataset_0_000103_2_4 / 1 / [(0.4671875, 0.33125, 0.13125, 0.13125) - (0.49921875, 0.4015625, 0.1484375, 0.121875)]
ant_subset_1-000_det_dataset_0_000104_11_4 / 1 / [(0.6328125, 0.19609375, 0.11875, 0.1359375) - (0.66796875, 0.2625, 0.1546875, 0.121875)]
ant_subset_1-000_det_dataset_0_000105_2_5 / 1 / [(0.88671875, 0.821875, 0.1546875, 0.121875) - (0.85078125, 0.75546875, 0.1203125, 0.1296875)]
ant_subset_1-000_det_dataset_0_000108_10_4 / 1 / [(0.66640625, 0.51953125, 0.1296875, 0.1234375) - (0.56875, 0.51328125, 0.146875, 0.1234375)]
ant_subset_1-000_det_dataset_0_000108_12_3 / 1 / [(0.425, 0.5484375, 0.140625, 0.109375) - (0.41953125, 0.61015625, 0.1359375, 0.0984375)]
ant_subset_1-000_det_dataset_0_000110_12_4 / 1 / [(0.41328125, 0.5765625, 0.1484375, 0.121875) - (0.3703125, 0.50859375, 0.134375, 0.1265625)]
ant_subset_1-000_det_dataset_0_000110_15_4 / 1 / [(0.93203125, 0.3078125, 0.1359375, 0.121875) - (0.8953125, 0.23984375, 0.134375, 0.1265625)]
ant_subset_1-000_det_dataset_0_000110_2_3 / 1 / [(0.3078125, 0.66015625, 0.140625, 0.1015625) - (0.31953125, 0.7328125, 0.1296875, 0.09375)]
ant_subset_1-000_det_dataset_0_000111_10_3 / 1 / [(0.31015625, 0.49375, 0.1484375, 0.109375) - (0.3359375, 0.57265625, 0.128125, 0.1015625)]
ant_subset_1-000_det_dataset_0_000111_7_4 / 1 / [(0.37578125, 0.496875, 0.1359375, 0.128125) - (0.41484375, 0.5625, 0.1203125, 0.121875)]
ant_subset_1-000_det_dataset_0_000112_3_4 / 1 / [(0.48515625, 0.8609375, 0.1265625, 0.125) - (0.503125, 0.784375, 0.1375, 0.096875)]
ant_subset_1-000_det_dataset_0_000113_6_3 / 1 / [(0.315625, 0.7421875, 0.13125, 0.09375) - (0.28203125, 0.81484375, 0.1328125, 0.1296875)]
ant_subset_1-000_det_dataset_0_000114_13_7 / 2 / [(0.20625, 0.36640625, 0.159375, 0.1140625) - (0.1109375, 0.33359375, 0.1375, 0.1078125)] [(0.07109375, 0.3875, 0.1421875, 0.1) - (0.1109375, 0.33359375, 0.1375, 0.1078125)]
ant_subset_1-000_det_dataset_0_000115_5_7 / 2 / [(0.30390625, 0.58828125, 0.1359375, 0.1078125) - (0.26015625, 0.63359375, 0.1390625, 0.1140625)] [(0.30390625, 0.58828125, 0.1359375, 0.1078125) - (0.39765625, 0.61640625, 0.1546875, 0.1234375)]
ant_subset_1-000_det_dataset_0_000118_10_4 / 2 / [(0.39296875, 0.571875, 0.3515625, 0.35625) - (0.34453125, 0.5171875, 0.1328125, 0.1375)] [(0.34453125, 0.5171875, 0.1328125, 0.1375) - (0.43203125, 0.5546875, 0.1546875, 0.075)]
ant_subset_1-000_det_dataset_0_000121_2_5 / 1 / [(0.1828125, 0.79140625, 0.159375, 0.1421875) - (0.30390625, 0.81953125, 0.1671875, 0.1171875)]
ant_subset_1-000_det_dataset_0_000121_8_3 / 1 / [(0.6328125, 0.5984375, 0.14375, 0.1125) - (0.5265625, 0.58828125, 0.128125, 0.1296875)]
ant_subset_1-000_det_dataset_0_000123_19_7 / 3 / [(0.2265625, 0.7828125, 0.171875, 0.128125) - (0.1453125, 0.80625, 0.115625, 0.13125)] [(0.7578125, 0.68125, 0.125, 0.109375) - (0.83671875, 0.6484375, 0.1390625, 0.125)] [(0.83671875, 0.6484375, 0.1390625, 0.125) - (0.91875, 0.63828125, 0.13125, 0.1453125)]
ant_subset_1-000_det_dataset_0_000124_6_7 / 3 / [(0.80234375, 0.734375, 0.1390625, 0.103125) - (0.7921875, 0.778125, 0.15, 0.15625)] [(0.4328125, 0.69921875, 0.121875, 0.1140625) - (0.51171875, 0.66875, 0.1421875, 0.128125)] [(0.59375, 0.65625, 0.128125, 0.146875) - (0.51171875, 0.66875, 0.1421875, 0.128125)]
ant_subset_1-000_det_dataset_0_000125_1_6 / 1 / [(0.73984375, 0.8125, 0.1234375, 0.121875) - (0.80703125, 0.8421875, 0.1328125, 0.13125)]
ant_subset_1-000_det_dataset_0_000126_1_7 / 2 / [(0.11015625, 0.3546875, 0.1296875, 0.125) - (0.1828125, 0.3390625, 0.11875, 0.1625)] [(0.11015625, 0.3546875, 0.1296875, 0.125) - (0.0359375, 0.3765625, 0.071875, 0.115625)]
ant_subset_1-000_det_dataset_0_000127_10_8 / 2 / [(0.671875, 0.66640625, 0.11875, 0.1640625) - (0.59765625, 0.6859375, 0.1390625, 0.121875)] [(0.50859375, 0.696875, 0.1359375, 0.134375) - (0.59765625, 0.6859375, 0.1390625, 0.121875)]
ant_subset_1-000_det_dataset_0_000127_11_4 / 1 / [(0.325, 0.57109375, 0.171875, 0.1328125) - (0.35234375, 0.4703125, 0.1171875, 0.134375)]
ant_subset_1-000_det_dataset_0_000127_12_6 / 1 / [(0.64453125, 0.83671875, 0.1296875, 0.1296875) - (0.57578125, 0.82109375, 0.1265625, 0.1390625)]
ant_subset_1-000_det_dataset_0_000128_13_3 / 1 / [(0.7421875, 0.6796875, 0.140625, 0.121875) - (0.67265625, 0.75390625, 0.1265625, 0.1328125)]
ant_subset_1-000_det_dataset_0_000128_3_4 / 1 / [(0.6921875, 0.5375, 0.1625, 0.128125) - (0.70703125, 0.4421875, 0.1203125, 0.1375)]
ant_subset_1-000_det_dataset_0_000128_8_6 / 1 / [(0.83125, 0.9046875, 0.11875, 0.140625) - (0.9078125, 0.91796875, 0.13125, 0.1359375)]
ant_subset_1-000_det_dataset_0_000129_2_6 / 1 / [(0.36953125, 0.81875, 0.1109375, 0.1375) - (0.365625, 0.91640625, 0.171875, 0.1234375)]
ant_subset_1-000_det_dataset_0_000129_5_2 / 1 / [(0.7671875, 0.4484375, 0.125, 0.128125) - (0.83125, 0.36953125, 0.14375, 0.1203125)]
ant_subset_1-000_det_dataset_0_000129_7_5 / 1 / [(0.76796875, 0.4140625, 0.1171875, 0.146875) - (0.84609375, 0.42421875, 0.1328125, 0.1421875)]
ant_subset_1-000_det_dataset_0_000129_8_4 / 1 / [(0.36328125, 0.45, 0.1109375, 0.1375) - (0.359375, 0.54765625, 0.171875, 0.1234375)]
ant_subset_1-000_det_dataset_0_000130_4_3 / 1 / [(0.56796875, 0.66171875, 0.1390625, 0.1265625) - (0.51484375, 0.74765625, 0.1328125, 0.1296875)]
ant_subset_1-000_det_dataset_0_000130_7_5 / 1 / [(0.82890625, 0.36640625, 0.1171875, 0.1484375) - (0.9078125, 0.3703125, 0.134375, 0.1375)]
ant_subset_1-000_det_dataset_0_000131_2_6 / 1 / [(0.7421875, 0.74140625, 0.134375, 0.1390625) - (0.6609375, 0.75625, 0.11875, 0.128125)]
ant_subset_1-000_det_dataset_0_000131_5_4 / 1 / [(0.6671875, 0.3625, 0.10625, 0.13125) - (0.68125, 0.44453125, 0.128125, 0.1328125)]
ant_subset_1-000_det_dataset_0_000131_8_3 / 1 / [(0.81484375, 0.93359375, 0.1390625, 0.1234375) - (0.859375, 0.84375, 0.128125, 0.128125)]
ant_subset_1-000_det_dataset_0_000132_10_5 / 1 / [(0.80234375, 0.36875, 0.1296875, 0.140625) - (0.7125, 0.39765625, 0.121875, 0.1390625)]
ant_subset_1-000_det_dataset_0_000133_13_3 / 1 / [(0.61171875, 0.6609375, 0.1171875, 0.134375) - (0.58203125, 0.7515625, 0.1328125, 0.115625)]
ant_subset_1-000_det_dataset_0_000133_9_6 / 1 / [(0.759375, 0.771875, 0.11875, 0.13125) - (0.671875, 0.809375, 0.121875, 0.14375)]
ant_subset_1-000_det_dataset_0_000134_4_6 / 1 / [(0.9671875, 0.22890625, 0.065625, 0.1265625) - (0.9359375, 0.29609375, 0.128125, 0.1234375)]
ant_subset_1-000_det_dataset_0_000135_5_8 / 1 / [(0.75390625, 0.6734375, 0.1359375, 0.1125) - (0.7984375, 0.59453125, 0.109375, 0.1296875)]
ant_subset_1-000_det_dataset_0_000136_10_8 / 1 / [(0.890625, 0.43046875, 0.109375, 0.1328125) - (0.85390625, 0.50703125, 0.1484375, 0.1171875)]
ant_subset_1-000_det_dataset_0_000136_8_7 / 1 / [(0.1984375, 0.59609375, 0.109375, 0.1328125) - (0.16171875, 0.67265625, 0.1484375, 0.1171875)]
ant_subset_1-000_det_dataset_0_000137_2_7 / 1 / [(0.8328125, 0.046875, 0.109375, 0.09375) - (0.79765625, 0.1078125, 0.1515625, 0.1125)]
ant_subset_1-000_det_dataset_0_000137_4_8 / 1 / [(0.771875, 0.60859375, 0.109375, 0.1328125) - (0.73671875, 0.6890625, 0.1515625, 0.1125)]
ant_subset_1-000_det_dataset_0_000138_5_7 / 1 / [(0.81328125, 0.24453125, 0.1109375, 0.1328125) - (0.7875, 0.32734375, 0.14375, 0.1140625)]
ant_subset_1-000_det_dataset_0_000139_1_5 / 1 / [(0.11953125, 0.378125, 0.1140625, 0.1375) - (0.10859375, 0.46328125, 0.1359375, 0.1109375)]
ant_subset_1-000_det_dataset_0_000139_8_4 / 1 / [(0.83359375, 0.228125, 0.1234375, 0.115625) - (0.8421875, 0.32734375, 0.13125, 0.1328125)]
ant_subset_1-000_det_dataset_0_000141_1_5 / 2 / [(0.19296875, 0.70390625, 0.1546875, 0.1078125) - (0.1203125, 0.6328125, 0.134375, 0.11875)] [(0.1203125, 0.6328125, 0.134375, 0.11875) - (0.13046875, 0.53984375, 0.1140625, 0.1390625)]
ant_subset_1-000_det_dataset_0_000142_10_8 / 2 / [(0.83125, 0.5109375, 0.1125, 0.1375) - (0.828125, 0.60703125, 0.1375, 0.1203125)] [(0.828125, 0.60703125, 0.1375, 0.1203125) - (0.8875, 0.67734375, 0.15, 0.1109375)]
ant_subset_1-000_det_dataset_0_000143_14_5 / 1 / [(0.07421875, 0.5046875, 0.1484375, 0.109375) - (0.0484375, 0.4359375, 0.096875, 0.115625)]
ant_subset_1-000_det_dataset_0_000143_5_6 / 1 / [(0.52265625, 0.771875, 0.1515625, 0.109375) - (0.47578125, 0.703125, 0.1421875, 0.115625)]
ant_subset_1-000_det_dataset_0_000144_1_7 / 1 / [(0.71328125, 0.25546875, 0.1421875, 0.1140625) - (0.75859375, 0.32734375, 0.1515625, 0.1140625)]
ant_subset_1-000_det_dataset_0_000145_3_5 / 1 / [(0.15625, 0.72265625, 0.134375, 0.1109375) - (0.184375, 0.78984375, 0.15, 0.1078125)]
ant_subset_1-000_det_dataset_0_000146_14_7 / 1 / [(0.346875, 0.3109375, 0.13125, 0.10625) - (0.3578125, 0.37578125, 0.146875, 0.1078125)]
ant_subset_1-000_det_dataset_0_000146_5_5 / 1 / [(0.0421875, 0.853125, 0.084375, 0.10625) - (0.0515625, 0.91796875, 0.103125, 0.1078125)]
ant_subset_1-000_det_dataset_0_000157_12_5 / 1 / [(0.08515625, 0.20703125, 0.1453125, 0.1203125) - (0.16484375, 0.16796875, 0.1421875, 0.1203125)]
ant_subset_1-000_det_dataset_0_000158_1_5 / 1 / [(0.11328125, 0.87578125, 0.1453125, 0.1203125) - (0.20625, 0.83984375, 0.140625, 0.1171875)]
ant_subset_1-000_det_dataset_0_000159_13_2 / 1 / [(0.375, 0.78671875, 0.153125, 0.1265625) - (0.2703125, 0.82109375, 0.15, 0.1203125)]
ant_subset_1-000_det_dataset_0_000160_8_3 / 1 / [(0.55234375, 0.5375, 0.1421875, 0.11875) - (0.646875, 0.50078125, 0.146875, 0.1234375)]
ant_subset_1-000_det_dataset_0_000161_1_2 / 1 / [(0.3625, 0.53046875, 0.14375, 0.1171875) - (0.44765625, 0.49375, 0.1484375, 0.125)]
ant_subset_1-000_det_dataset_0_000162_3_2 / 1 / [(0.28125, 0.453125, 0.15, 0.125) - (0.19609375, 0.490625, 0.1390625, 0.115625)]
ant_subset_1-000_det_dataset_0_000163_8_5 / 1 / [(0.79140625, 0.396875, 0.1390625, 0.115625) - (0.8765625, 0.359375, 0.146875, 0.121875)]
ant_subset_1-000_det_dataset_0_000164_9_2 / 1 / [(0.30546875, 0.43359375, 0.1421875, 0.1171875) - (0.390625, 0.39921875, 0.14375, 0.1234375)]
ant_subset_1-000_det_dataset_0_000165_15_4 / 1 / [(0.6296875, 0.85859375, 0.14375, 0.1171875) - (0.71171875, 0.82109375, 0.1484375, 0.1234375)]
ant_subset_1-000_det_dataset_0_000166_18_5 / 1 / [(0.80625, 0.5296875, 0.153125, 0.11875) - (0.728125, 0.56875, 0.146875, 0.1125)]
ant_subset_1-000_det_dataset_0_000167_19_2 / 1 / [(0.2125, 0.44375, 0.15, 0.1125) - (0.2875, 0.403125, 0.15, 0.1125)]
ant_subset_1-000_det_dataset_0_000167_6_5 / 1 / [(0.64453125, 0.8421875, 0.1359375, 0.140625) - (0.7265625, 0.8421875, 0.1125, 0.134375)]
ant_subset_1-000_det_dataset_0_000168_10_2 / 1 / [(0.3140625, 0.36328125, 0.15, 0.1140625) - (0.38828125, 0.32265625, 0.1484375, 0.1109375)]
ant_subset_1-000_det_dataset_0_000168_5_3 / 1 / [(0.80390625, 0.88046875, 0.1484375, 0.1234375) - (0.740625, 0.81875, 0.134375, 0.1)]
ant_subset_1-000_det_dataset_0_000169_13_5 / 1 / [(0.84375, 0.46015625, 0.15, 0.1109375) - (0.76640625, 0.5, 0.1515625, 0.115625)]
ant_subset_1-000_det_dataset_0_000169_16_5 / 1 / [(0.3265625, 0.4546875, 0.128125, 0.09375) - (0.39296875, 0.5078125, 0.1359375, 0.121875)]
ant_subset_1-000_det_dataset_0_000170_14_2 / 1 / [(0.27421875, 0.3421875, 0.1515625, 0.115625) - (0.35, 0.296875, 0.15, 0.109375)]
ant_subset_1-000_det_dataset_0_000171_7_5 / 1 / [(0.81953125, 0.53671875, 0.1453125, 0.1078125) - (0.74296875, 0.58046875, 0.1515625, 0.1140625)]
ant_subset_1-000_det_dataset_0_000174_1_5 / 1 / [(0.821875, 0.34921875, 0.146875, 0.1078125) - (0.746875, 0.39375, 0.15, 0.1125)]
ant_subset_1-000_det_dataset_0_000175_9_2 / 1 / [(0.421875, 0.60390625, 0.15, 0.1046875) - (0.49296875, 0.55859375, 0.1515625, 0.1109375)]
ant_subset_1-000_det_dataset_0_000176_13_2 / 1 / [(0.36875, 0.45703125, 0.153125, 0.1046875) - (0.43984375, 0.40703125, 0.1515625, 0.1109375)]
ant_subset_1-000_det_dataset_0_000176_6_3 / 1 / [(0.39609375, 0.6625, 0.1390625, 0.1375) - (0.434375, 0.59375, 0.11875, 0.134375)]
ant_subset_1-000_det_dataset_0_000177_5_2 / 1 / [(0.34765625, 0.15390625, 0.1484375, 0.1109375) - (0.27890625, 0.20546875, 0.1546875, 0.1046875)]
ant_subset_1-000_det_dataset_0_000177_7_5 / 1 / [(0.653125, 0.85859375, 0.15, 0.1359375) - (0.68203125, 0.78359375, 0.1140625, 0.1359375)]
ant_subset_1-000_det_dataset_0_000178_12_2 / 1 / [(0.3453125, 0.3515625, 0.15625, 0.10625) - (0.41015625, 0.2984375, 0.1515625, 0.1125)]
ant_subset_1-000_det_dataset_0_000178_1_5 / 1 / [(0.64921875, 0.8015625, 0.1171875, 0.134375) - (0.61796875, 0.88046875, 0.1515625, 0.1421875)]
ant_subset_1-000_det_dataset_0_000179_14_4 / 1 / [(0.70078125, 0.64453125, 0.1296875, 0.1328125) - (0.72734375, 0.5546875, 0.1078125, 0.134375)]
ant_subset_1-000_det_dataset_0_000179_2_4 / 1 / [(0.06484375, 0.70703125, 0.1296875, 0.1328125) - (0.09140625, 0.6171875, 0.1078125, 0.134375)]
ant_subset_1-000_det_dataset_0_000180_15_3 / 1 / [(0.640625, 0.3203125, 0.146875, 0.10625) - (0.57421875, 0.375, 0.1546875, 0.10625)]
ant_subset_1-000_det_dataset_0_000181_6_2 / 1 / [(0.08359375, 0.89609375, 0.1515625, 0.1046875) - (0.14765625, 0.8421875, 0.1453125, 0.10625)]
ant_subset_1-000_det_dataset_0_000182_13_7 / 1 / [(0.49453125, 0.51796875, 0.1296875, 0.1421875) - (0.40625, 0.5609375, 0.13125, 0.11875)]
ant_subset_1-000_det_dataset_0_000182_15_4 / 1 / [(0.64765625, 0.94453125, 0.1546875, 0.1109375) - (0.7125, 0.8890625, 0.146875, 0.10625)]
ant_subset_1-000_det_dataset_0_000183_7_3 / 1 / [(0.878125, 0.740625, 0.10625, 0.1125) - (0.95, 0.76640625, 0.1, 0.1515625)]
ant_subset_1-000_det_dataset_0_000184_10_5 / 2 / [(0.034375, 0.42890625, 0.06875, 0.1109375) - (0.1078125, 0.4546875, 0.128125, 0.15)] [(0.8875, 0.39921875, 0.1375, 0.0984375) - (0.7953125, 0.41875, 0.140625, 0.134375)]
ant_subset_1-000_det_dataset_0_000185_2_5 / 1 / [(0.9296875, 0.7140625, 0.1375, 0.1) - (0.83515625, 0.7296875, 0.1359375, 0.13125)]
ant_subset_1-000_det_dataset_0_000185_6_7 / 1 / [(0.36171875, 0.5625, 0.1296875, 0.134375) - (0.4296875, 0.50703125, 0.13125, 0.1328125)]
ant_subset_1-000_det_dataset_0_000186_14_5 / 2 / [(0.8859375, 0.74765625, 0.140625, 0.1328125) - (0.95625, 0.734375, 0.0875, 0.096875)] [(0.109375, 0.7546875, 0.1125, 0.121875) - (0.203125, 0.76953125, 0.125, 0.1296875)]
ant_subset_1-000_det_dataset_0_000186_1_7 / 1 / [(0.4015625, 0.58984375, 0.121875, 0.1203125) - (0.34453125, 0.63828125, 0.1234375, 0.1203125)]
ant_subset_1-000_det_dataset_0_000186_2_3 / 1 / [(0.3484375, 0.69453125, 0.140625, 0.1328125) - (0.4421875, 0.68125, 0.134375, 0.096875)]
ant_subset_1-000_det_dataset_0_000188_13_2 / 1 / [(0.56953125, 0.825, 0.1140625, 0.11875) - (0.65703125, 0.83359375, 0.1296875, 0.1421875)]
ant_subset_1-000_det_dataset_0_000191_17_3 / 1 / [(0.940625, 0.41796875, 0.11875, 0.1390625) - (0.85859375, 0.40859375, 0.1140625, 0.1234375)]
ant_subset_1-000_det_dataset_0_000191_1_5 / 2 / [(0.821875, 0.77890625, 0.128125, 0.1140625) - (0.89609375, 0.7625, 0.1265625, 0.10625)] [(0.1265625, 0.78984375, 0.128125, 0.1390625) - (0.0484375, 0.78046875, 0.096875, 0.1234375)]
ant_subset_1-000_det_dataset_0_000192_16_6 / 1 / [(0.28828125, 0.296875, 0.1359375, 0.1125) - (0.2359375, 0.3578125, 0.1125, 0.115625)]
ant_subset_1-000_det_dataset_0_000193_13_6 / 1 / [(0.40859375, 0.434375, 0.1359375, 0.1125) - (0.353125, 0.5, 0.115625, 0.125)]
ant_subset_1-000_det_dataset_0_000193_2_7 / 1 / [(0.82421875, 0.7671875, 0.1359375, 0.1125) - (0.76875, 0.8328125, 0.115625, 0.125)]
ant_subset_1-000_det_dataset_0_000194_2_7 / 1 / [(0.68515625, 0.72109375, 0.1390625, 0.1109375) - (0.6328125, 0.7890625, 0.115625, 0.125)]
ant_subset_1-000_det_dataset_0_000195_2_7 / 1 / [(0.27578125, 0.67265625, 0.1171875, 0.1265625) - (0.32421875, 0.60390625, 0.1421875, 0.1234375)]
ant_subset_1-000_det_dataset_0_000195_6_3 / 1 / [(0.846875, 0.5015625, 0.125, 0.1) - (0.93984375, 0.48359375, 0.1203125, 0.1453125)]
ant_subset_1-000_det_dataset_0_000196_5_6 / 1 / [(0.66171875, 0.440625, 0.1171875, 0.134375) - (0.71484375, 0.371875, 0.1359375, 0.128125)]
ant_subset_1-000_det_dataset_0_000197_12_3 / 1 / [(0.6, 0.76796875, 0.125, 0.1234375) - (0.5140625, 0.75625, 0.109375, 0.096875)]
ant_subset_1-000_det_dataset_0_000198_16_3 / 1 / [(0.609375, 0.31953125, 0.109375, 0.0984375) - (0.690625, 0.33203125, 0.125, 0.1234375)]
ant_subset_1-000_det_dataset_0_000198_18_7 / 1 / [(0.5453125, 0.69609375, 0.11875, 0.1359375) - (0.5890625, 0.63203125, 0.140625, 0.1296875)]
ant_subset_1-000_det_dataset_0_000198_21_5 / 2 / [(0.890625, 0.27421875, 0.134375, 0.1015625) - (0.840625, 0.34765625, 0.15625, 0.1296875)] [(0.0484375, 0.28828125, 0.096875, 0.0984375) - (0.1234375, 0.30078125, 0.125, 0.1234375)]
ant_subset_1-000_det_dataset_0_000198_2_3 / 1 / [(0.546875, 0.11015625, 0.134375, 0.1015625) - (0.496875, 0.18359375, 0.15625, 0.1296875)]
ant_subset_1-000_det_dataset_0_000198_8_7 / 1 / [(0.0859375, 0.92890625, 0.11875, 0.1359375) - (0.1296875, 0.86484375, 0.140625, 0.1296875)]
ant_subset_1-000_det_dataset_0_000199_7_5 / 2 / [(0.85390625, 0.9015625, 0.1609375, 0.125) - (0.89609375, 0.8171875, 0.1390625, 0.103125)] [(0.05234375, 0.8375, 0.1046875, 0.09375) - (0.13125, 0.84921875, 0.125, 0.1265625)]
ant_subset_1-000_det_dataset_0_000199_9_3 / 1 / [(0.30546875, 0.428125, 0.1109375, 0.09375) - (0.3875, 0.43984375, 0.125, 0.1265625)]
ant_subset_1-000_det_dataset_0_000201_9_3 / 1 / [(0.54453125, 0.2078125, 0.1359375, 0.1125) - (0.6203125, 0.265625, 0.15, 0.10625)]
ant_subset_1-000_det_dataset_0_000202_3_3 / 1 / [(0.771875, 0.58046875, 0.128125, 0.1203125) - (0.6921875, 0.571875, 0.1125, 0.109375)]
ant_subset_1-000_det_dataset_0_000202_8_2 / 1 / [(0.3109375, 0.81171875, 0.14375, 0.1046875) - (0.23125, 0.76015625, 0.134375, 0.1203125)]
ant_subset_1-000_det_dataset_0_000204_16_6 / 1 / [(0.7890625, 0.471875, 0.13125, 0.134375) - (0.76015625, 0.5421875, 0.1265625, 0.1375)]
ant_subset_1-000_det_dataset_0_000206_17_6 / 1 / [(0.50859375, 0.89765625, 0.1265625, 0.1390625) - (0.55390625, 0.82265625, 0.1328125, 0.1234375)]
ant_subset_1-000_det_dataset_0_000206_8_6 / 1 / [(0.20234375, 0.58671875, 0.1265625, 0.1390625) - (0.24765625, 0.51171875, 0.1328125, 0.1234375)]
ant_subset_1-000_det_dataset_0_000207_11_5 / 1 / [(0.3234375, 0.38515625, 0.134375, 0.1390625) - (0.375, 0.309375, 0.13125, 0.121875)]
ant_subset_1-000_det_dataset_0_000207_9_5 / 1 / [(0.3734375, 0.88828125, 0.134375, 0.1390625) - (0.425, 0.8125, 0.13125, 0.121875)]
ant_subset_1-000_det_dataset_0_000208_1_6 / 2 / [(0.61640625, 0.8671875, 0.1328125, 0.13125) - (0.7015625, 0.81171875, 0.11875, 0.1453125)] [(0.61640625, 0.8671875, 0.1328125, 0.13125) - (0.5546875, 0.94140625, 0.15, 0.1171875)]
ant_subset_1-000_det_dataset_0_000209_13_6 / 1 / [(0.55390625, 0.6734375, 0.1140625, 0.15625) - (0.58125, 0.76875, 0.109375, 0.13125)]
ant_subset_1-000_det_dataset_0_000209_4_6 / 2 / [(0.628125, 0.86015625, 0.13125, 0.1265625) - (0.56328125, 0.93125, 0.1484375, 0.11875)] [(0.628125, 0.86015625, 0.13125, 0.1265625) - (0.71953125, 0.834375, 0.1140625, 0.121875)]
ant_subset_1-000_det_dataset_0_000211_11_7 / 1 / [(0.09609375, 0.54375, 0.1265625, 0.125) - (0.0421875, 0.61015625, 0.084375, 0.1203125)]
ant_subset_1-000_det_dataset_0_000216_4_5 / 1 / [(0.22890625, 0.37734375, 0.1203125, 0.1453125) - (0.22421875, 0.47265625, 0.1203125, 0.1421875)]
ant_subset_1-000_det_dataset_0_000217_16_5 / 1 / [(0.834375, 0.9421875, 0.128125, 0.115625) - (0.8359375, 0.865625, 0.121875, 0.14375)]
ant_subset_1-000_det_dataset_0_000218_3_7 / 1 / [(0.88671875, 0.46875, 0.1265625, 0.15) - (0.89296875, 0.3765625, 0.1203125, 0.14375)]
ant_subset_1-000_det_dataset_0_000219_11_5 / 1 / [(0.54609375, 0.93046875, 0.1234375, 0.1390625) - (0.5578125, 0.83515625, 0.121875, 0.1453125)]
ant_subset_1-000_det_dataset_0_000220_3_6 / 1 / [(0.8796875, 0.2796875, 0.109375, 0.15625) - (0.89765625, 0.1890625, 0.1171875, 0.146875)]
ant_subset_1-000_det_dataset_0_000221_13_5 / 1 / [(0.54765625, 0.0421875, 0.1203125, 0.084375) - (0.5203125, 0.11484375, 0.103125, 0.1515625)]
ant_subset_1-000_det_dataset_0_000223_10_5 / 1 / [(0.409375, 0.18125, 0.115625, 0.146875) - (0.3671875, 0.27734375, 0.121875, 0.1328125)]
ant_subset_1-000_det_dataset_0_000223_4_5 / 1 / [(0.64375, 0.8515625, 0.115625, 0.146875) - (0.6015625, 0.940625, 0.121875, 0.11875)]
ant_subset_1-000_det_dataset_0_000224_17_2 / 1 / [(0.825, 0.7734375, 0.134375, 0.096875) - (0.78671875, 0.8359375, 0.1109375, 0.11875)]
ant_subset_1-000_det_dataset_0_000224_2_7 / 2 / [(0.559375, 0.7140625, 0.15, 0.121875) - (0.5859375, 0.62421875, 0.134375, 0.1140625)] [(0.7625, 0.41640625, 0.284375, 0.3796875) - (0.7484375, 0.3890625, 0.11875, 0.09375)]
ant_subset_1-000_det_dataset_0_000225_15_2 / 1 / [(0.6140625, 0.3765625, 0.134375, 0.096875) - (0.5671875, 0.4328125, 0.1, 0.121875)]
ant_subset_1-000_det_dataset_0_000225_5_4 / 1 / [(0.17421875, 0.77421875, 0.1359375, 0.1453125) - (0.2359375, 0.6921875, 0.11875, 0.146875)]
frame_10_1 / 1 / [(0.400906, 0.438344, 0.098, 0.130344) - (0.43875, 0.516734, 0.094, 0.096312)]
frame_17_bl / 2 / [(0.601586, 0.235625, 0.104266, 0.096312) - (0.628961, 0.250922, 0.126672, 0.077781)] [(0.768133, 0.368641, 0.124672, 0.063906) - (0.822578, 0.408633, 0.095344, 0.074828)]
frame_19_1 / 1 / [(0.375797, 0.255648, 0.121, 0.124422) - (0.314867, 0.287266, 0.075422, 0.081813)]
frame_19_bl / 4 / [(0.598156, 0.234414, 0.114656, 0.091109) - (0.628023, 0.252828, 0.123703, 0.072406)] [(0.628023, 0.252828, 0.123703, 0.072406) - (0.648711, 0.311391, 0.085484, 0.080469)] [(0.781094, 0.287594, 0.126125, 0.121938) - (0.763703, 0.362805, 0.110625, 0.072078)] [(0.763703, 0.362805, 0.110625, 0.072078) - (0.819437, 0.405133, 0.097219, 0.077109)]
frame_22_1 / 1 / [(0.383203, 0.265719, 0.103406, 0.138156) - (0.314789, 0.288898, 0.080453, 0.085984)]
frame_24_2 / 1 / [(0.111438, 0.219453, 0.111625, 0.077844) - (0.044102, 0.252039, 0.078453, 0.097141)]
frame_27_3 / 1 / [(0.370531, 0.257055, 0.071594, 0.089016) - (0.341508, 0.31268, 0.094797, 0.078359)]
