004_frame_0_1_0 / 2 / [(0.9445101562499999, 0.5146468750000001, 0.11097968750000001, 0.12984374999999998) - (0.8709046875, 0.5151, 0.125240625, 0.12450625)] [(0.24736953125, 0.65894375, 0.1375140625, 0.08865625) - (0.25924296875, 0.71605546875, 0.1125328125, 0.0823453125)]
004_frame_3_5_0 / 1 / [(0.08714140625, 0.72293515625, 0.0856234375, 0.0819765625) - (0.14153515625000002, 0.7362320312500001, 0.1018890625, 0.1217390625)]
004_frame_6_1_0 / 2 / [(0.869221875, 0.51431328125, 0.14186875000000002, 0.11706093749999999) - (0.9521812500000001, 0.51138515625, 0.0956375, 0.1277421875)] [(0.21974765625, 0.65891171875, 0.1413640625, 0.1127984375) - (0.27777031250000006, 0.72755, 0.14087812500000002, 0.10833437500000001)]
004_frame_7_1_0 / 2 / [(0.8732796875000001, 0.514809375, 0.1348125, 0.11674999999999999) - (0.94999921875, 0.51275234375, 0.1000015625, 0.1265421875)] [(0.21603515625, 0.65998359375, 0.1447171875, 0.1088734375) - (0.28297109375, 0.7321132812500001, 0.1419578125, 0.11296718750000001)]
004_frame_9_1_0 / 1 / [(0.8750546874999999, 0.5152156250000001, 0.12449062500000001, 0.11511562500000001) - (0.9472929687499999, 0.5104921875, 0.1054140625, 0.12015)]
006_frame_1_0_0 / 3 / [(0.74743671875, 0.8454046875, 0.13038906249999999, 0.10812187499999999) - (0.72618984375, 0.7790890625, 0.12172968749999999, 0.098959375)] [(0.6630343750000001, 0.720171875, 0.1181875, 0.094453125) - (0.72618984375, 0.7790890625, 0.12172968749999999, 0.098959375)] [(0.5487624999999999, 0.5348132812499999, 0.085984375, 0.11371093750000001) - (0.57393046875, 0.4631742187499999, 0.0715734375, 0.1166546875)]
006_frame_29_0_0 / 7 / [(0.5953796875, 0.7046421875, 0.11440625, 0.082971875) - (0.59945859375, 0.76890390625, 0.1551203125, 0.0831984375)] [(0.6078125000000001, 0.8942046874999999, 0.1318375, 0.108009375) - (0.56037578125, 0.8500265625000001, 0.060548437499999996, 0.09560625)] [(0.6078125000000001, 0.8942046874999999, 0.1318375, 0.108009375) - (0.54791171875, 0.8486179687500001, 0.08161093750000001, 0.0896828125)] [(0.59945859375, 0.76890390625, 0.1551203125, 0.0831984375) - (0.5312125, 0.81191640625, 0.073625, 0.11742656250000001)] [(0.5312125, 0.81191640625, 0.073625, 0.11742656250000001) - (0.56037578125, 0.8500265625000001, 0.060548437499999996, 0.09560625)] [(0.5312125, 0.81191640625, 0.073625, 0.11742656250000001) - (0.54791171875, 0.8486179687500001, 0.08161093750000001, 0.0896828125)] [(0.56037578125, 0.8500265625000001, 0.060548437499999996, 0.09560625) - (0.54791171875, 0.8486179687500001, 0.08161093750000001, 0.0896828125)]
006_frame_33_0_0 / 5 / [(0.58588203125, 0.9025453125, 0.1043140625, 0.12775) - (0.55513828125, 0.861771875, 0.0650609375, 0.07873125)] [(0.70111640625, 0.4007515625, 0.08823281250000001, 0.09716875) - (0.6282749999999999, 0.4133984375, 0.10067187500000001, 0.101715625)] [(0.591571875, 0.7070335937500001, 0.11083125, 0.0856046875) - (0.56968359375, 0.768184375, 0.1041296875, 0.07771875)] [(0.534365625, 0.8101648437500001, 0.086603125, 0.11204531250000001) - (0.56968359375, 0.768184375, 0.1041296875, 0.07771875)] [(0.534365625, 0.8101648437500001, 0.086603125, 0.11204531250000001) - (0.55513828125, 0.861771875, 0.0650609375, 0.07873125)]
006_frame_3_0_0 / 3 / [(0.6467828125000001, 0.73441171875, 0.132909375, 0.0997828125) - (0.7439390625000001, 0.7615367187500001, 0.15301562500000002, 0.1251421875)] [(0.54377421875, 0.5205429687500001, 0.1058578125, 0.10899531250000001) - (0.57799375, 0.45389765625, 0.0781, 0.1286671875)] [(0.734221875, 0.8498437499999999, 0.15451874999999998, 0.096915625) - (0.7439390625000001, 0.7615367187500001, 0.15301562500000002, 0.1251421875)]
006_frame_6_0_0 / 2 / [(0.56514609375, 0.687009375, 0.1128578125, 0.126325) - (0.6194515624999999, 0.756309375, 0.11274375, 0.08964375)] [(0.5674046875, 0.4462296875, 0.099740625, 0.135978125) - (0.52948828125, 0.50858828125, 0.0732421875, 0.1235296875)]
006_frame_8_0_0 / 2 / [(0.51638203125, 0.5028007812499999, 0.0756859375, 0.1322078125) - (0.56611328125, 0.44845625, 0.09643281249999999, 0.131059375)] [(0.5373796875, 0.80243203125, 0.0781375, 0.0948328125) - (0.5928375, 0.77795625, 0.08695312499999999, 0.1030875)]
all_ants_0-024_frame_100_1870_2950 / 1 / [(0.4297890625, 0.44345625, 0.10508124999999999, 0.10238125000000001) - (0.50536015625, 0.43287265625, 0.1026046875, 0.10515156249999999)]
all_ants_0-024_frame_140_1762_449 / 6 / [(0.81764609375, 0.484840625, 0.0856890625, 0.1361875) - (0.85602578125, 0.5375890624999999, 0.1089984375, 0.08811875)] [(0.27197656249999996, 0.5258835937499999, 0.082259375, 0.1234390625) - (0.2411015625, 0.5989203124999999, 0.1234125, 0.10030937499999999)] [(0.16154453125, 0.38359140625, 0.0701109375, 0.06762343750000001) - (0.19774375, 0.38543046875000003, 0.0724375, 0.0490921875)] [(0.34975625, 0.27996875, 0.086890625, 0.1043625) - (0.3104703125, 0.311978125, 0.05048125, 0.081378125)] [(0.9152000000000001, 0.5725296875, 0.09744375, 0.107171875) - (0.85602578125, 0.5375890624999999, 0.1089984375, 0.08811875)] [(0.2411015625, 0.5989203124999999, 0.1234125, 0.10030937499999999) - (0.20039843749999997, 0.6464624999999999, 0.10398125, 0.0626375)]
all_ants_0-024_frame_180_354_3130 / 3 / [(0.34299375, 0.2118765625, 0.08991249999999999, 0.09725) - (0.37970390625, 0.21257109375, 0.047867187500000005, 0.057795312499999994)] [(0.469959375, 0.4379703125, 0.08499375, 0.11195) - (0.45191484375, 0.36738984375, 0.10206718749999999, 0.1269171875)] [(0.48945937500000003, 0.30375390625, 0.06765312500000001, 0.1325984375) - (0.45191484375, 0.36738984375, 0.10206718749999999, 0.1269171875)]
all_ants_0-024_frame_20_1762_449 / 6 / [(0.27156015624999996, 0.5263054687500001, 0.0840140625, 0.12294218750000001) - (0.23117500000000002, 0.5989046875, 0.13581875000000002, 0.0901)] [(0.34870390625000003, 0.2795546875, 0.0872234375, 0.10332187500000001) - (0.31062421875, 0.313015625, 0.0511296875, 0.08096875)] [(0.84919765625, 0.48305, 0.0900484375, 0.118365625) - (0.87245703125, 0.543275, 0.0817796875, 0.08806562500000001)] [(0.9076171875000001, 0.60485546875, 0.12133750000000001, 0.0986234375) - (0.87245703125, 0.543275, 0.0817796875, 0.08806562500000001)] [(0.16138046875, 0.38320546874999994, 0.06989218750000001, 0.0677890625) - (0.19839140625, 0.38580390625, 0.07387031250000001, 0.0475171875)] [(0.200478125, 0.64536171875, 0.1024875, 0.0643515625) - (0.23117500000000002, 0.5989046875, 0.13581875000000002, 0.0901)]
all_ants_0-024_frame_260_354_3130 / 3 / [(0.34254140625, 0.21186171874999998, 0.0898734375, 0.0968078125) - (0.38006874999999996, 0.21316484375, 0.048271875, 0.0549484375)] [(0.46552890625, 0.4377953125, 0.09983906249999999, 0.113434375) - (0.451628125, 0.36718046875, 0.10443125, 0.1275015625)] [(0.49233281250000005, 0.31129375, 0.070109375, 0.10551250000000001) - (0.451628125, 0.36718046875, 0.10443125, 0.1275015625)]
all_ants_0-024_frame_400_1762_449 / 3 / [(0.2720328125, 0.52268984375, 0.081775, 0.12055156250000001) - (0.256409375, 0.598590625, 0.07123125, 0.100940625)] [(0.35289921875, 0.28176718749999996, 0.0797515625, 0.102153125) - (0.31039453125000005, 0.31339062500000003, 0.050451562500000005, 0.078053125)] [(0.16149687499999998, 0.38394531249999997, 0.070346875, 0.066690625) - (0.19814765625000003, 0.38538984375, 0.0735609375, 0.048267187499999996)]
all_ants_0-024_frame_40_1870_2950 / 1 / [(0.43655625, 0.44272031250000005, 0.11485937500000001, 0.10422187499999999) - (0.508328125, 0.43141640625, 0.095990625, 0.1012890625)]
all_ants_0-024_frame_40_354_3130 / 3 / [(0.342828125, 0.21123828125, 0.09026875, 0.0965953125) - (0.3799578125, 0.21241875000000002, 0.04926875, 0.057106250000000004)] [(0.46496171875000003, 0.44043359374999996, 0.0924265625, 0.1064109375) - (0.45487421875, 0.35924999999999996, 0.10391718750000001, 0.14265624999999998)] [(0.45487421875, 0.35924999999999996, 0.10391718750000001, 0.14265624999999998) - (0.49421718750000004, 0.2972796875, 0.064721875, 0.12100312499999999)]
all_ants_0-024_frame_420_1762_449 / 3 / [(0.27217890625, 0.5215468750000001, 0.0814953125, 0.117796875) - (0.258390625, 0.6013265624999999, 0.07321562499999999, 0.09709375)] [(0.35299453124999997, 0.28122578125, 0.0802140625, 0.10229531249999999) - (0.31056640625, 0.31319687500000004, 0.0504390625, 0.078396875)] [(0.16144140624999997, 0.3838984375, 0.07077343750000001, 0.06686875) - (0.19826796875000002, 0.38517109374999997, 0.0736109375, 0.0490140625)]
all_ants_0-024_frame_440_1870_2950 / 1 / [(0.44204453125, 0.503590625, 0.1200328125, 0.15075) - (0.49994140625, 0.49290156250000006, 0.0845203125, 0.10941562499999999)]
all_ants_0-043_frame_120_227_2930 / 5 / [(0.5519953125, 0.6991328124999999, 0.121865625, 0.08321875) - (0.6175640625, 0.755828125, 0.10503437499999999, 0.16248125)] [(0.6954445312499999, 0.7631242187499999, 0.10501093749999998, 0.1479265625) - (0.6175640625, 0.755828125, 0.10503437499999999, 0.16248125)] [(0.6684453125, 0.4131546875, 0.07258125, 0.0779) - (0.7056703125000001, 0.41018828125, 0.039559375, 0.0451359375)] [(0.64038515625, 0.5208882812500001, 0.08642968749999999, 0.1197015625) - (0.682459375, 0.49432265625000005, 0.058787500000000006, 0.0759515625)] [(0.7228546875, 0.3692875, 0.054081250000000004, 0.072515625) - (0.7056703125000001, 0.41018828125, 0.039559375, 0.0451359375)]
all_ants_0-043_frame_150_227_2930 / 13 / [(0.667575, 0.83257734375, 0.11856562500000001, 0.0913703125) - (0.66791328125, 0.9142976562499999, 0.12328281249999999, 0.11502656250000001)] [(0.09561875, 0.53294296875, 0.1003875, 0.1200359375) - (0.03410703125, 0.5487109375, 0.0648859375, 0.07611875)] [(0.80261484375, 0.44347578125, 0.1026546875, 0.1050328125) - (0.77025, 0.39140468749999996, 0.05999375, 0.086515625)] [(0.7053140625000001, 0.4083484375, 0.042403125, 0.049934374999999996) - (0.7238140625, 0.37028046875, 0.045828125, 0.0721640625)] [(0.7053140625000001, 0.4083484375, 0.042403125, 0.049934374999999996) - (0.6659523437499999, 0.41069765625, 0.0775671875, 0.0848609375)] [(0.7053140625000001, 0.4083484375, 0.042403125, 0.049934374999999996) - (0.6584953124999999, 0.4225359375, 0.0888125, 0.06391875)] [(0.7053140625000001, 0.4083484375, 0.042403125, 0.049934374999999996) - (0.67474140625, 0.38378124999999996, 0.06045468750000001, 0.070003125)] [(0.6659523437499999, 0.41069765625, 0.0775671875, 0.0848609375) - (0.6407750000000001, 0.41320859375, 0.0701875, 0.08155781250000001)] [(0.6659523437499999, 0.41069765625, 0.0775671875, 0.0848609375) - (0.6584953124999999, 0.4225359375, 0.0888125, 0.06391875)] [(0.6659523437499999, 0.41069765625, 0.0775671875, 0.0848609375) - (0.67474140625, 0.38378124999999996, 0.06045468750000001, 0.070003125)] [(0.6407750000000001, 0.41320859375, 0.0701875, 0.08155781250000001) - (0.6584953124999999, 0.4225359375, 0.0888125, 0.06391875)] [(0.6407750000000001, 0.41320859375, 0.0701875, 0.08155781250000001) - (0.67474140625, 0.38378124999999996, 0.06045468750000001, 0.070003125)] [(0.6584953124999999, 0.4225359375, 0.0888125, 0.06391875) - (0.67474140625, 0.38378124999999996, 0.06045468750000001, 0.070003125)]
all_ants_0-043_frame_180_1336_3098 / 2 / [(0.52995546875, 0.31820937499999996, 0.14521718749999998, 0.11739375) - (0.5691812500000001, 0.25813359375, 0.089665625, 0.10954843750000001)] [(0.49064921874999995, 0.54343359375, 0.0949234375, 0.0950984375) - (0.5359046875, 0.562946875, 0.092571875, 0.15261875)]
all_ants_0-043_frame_225_227_2930 / 10 / [(0.84611328125, 0.37127578125000005, 0.1047109375, 0.09894531250000001) - (0.77686171875, 0.37525234374999994, 0.0693953125, 0.0888859375)] [(0.84611328125, 0.37127578125000005, 0.1047109375, 0.09894531250000001) - (0.8885929687499999, 0.435121875, 0.0802828125, 0.111678125)] [(0.77686171875, 0.37525234374999994, 0.0693953125, 0.0888859375) - (0.7574140625000001, 0.44112265625, 0.0754375, 0.1081484375)] [(0.7574140625000001, 0.44112265625, 0.0754375, 0.1081484375) - (0.69408984375, 0.4269, 0.0883453125, 0.071246875)] [(0.67727265625, 0.41710312499999996, 0.0880109375, 0.07831875) - (0.69408984375, 0.4269, 0.0883453125, 0.071246875)] [(0.67727265625, 0.41710312499999996, 0.0880109375, 0.07831875) - (0.67684140625, 0.39531328125, 0.0896421875, 0.1186296875)] [(0.67727265625, 0.41710312499999996, 0.0880109375, 0.07831875) - (0.7019390625, 0.3693015625, 0.0533625, 0.07736875)] [(0.69408984375, 0.4269, 0.0883453125, 0.071246875) - (0.67684140625, 0.39531328125, 0.0896421875, 0.1186296875)] [(0.7279296875, 0.36754296875, 0.045421875, 0.0742859375) - (0.7019390625, 0.3693015625, 0.0533625, 0.07736875)] [(0.67684140625, 0.39531328125, 0.0896421875, 0.1186296875) - (0.7019390625, 0.3693015625, 0.0533625, 0.07736875)]
all_ants_0-043_frame_240_1786_386 / 5 / [(0.36215625, 0.52229296875, 0.094834375, 0.08689843750000001) - (0.3224875, 0.5688718749999999, 0.15165625, 0.12024062499999999)] [(0.53123984375, 0.5664078125, 0.0888953125, 0.11993125) - (0.6048125, 0.6060875, 0.12062187499999999, 0.08025312500000001)] [(0.30397109375, 0.0855234375, 0.0838703125, 0.10429999999999999) - (0.25815, 0.12567890625, 0.057203125, 0.0976359375)] [(0.6048125, 0.6060875, 0.12062187499999999, 0.08025312500000001) - (0.60009140625, 0.5421570312499999, 0.0849828125, 0.0960015625)] [(0.5892453125, 0.7573695312500001, 0.123221875, 0.1055984375) - (0.6040953125, 0.7210820312499999, 0.1063125, 0.0891515625)]
all_ants_0-043_frame_320_1786_386 / 3 / [(0.52748671875, 0.5713023437500001, 0.1035203125, 0.10630781250000002) - (0.5972601562500001, 0.60714140625, 0.13063906249999999, 0.0721359375)] [(0.24610156249999998, 0.350396875, 0.12329375000000001, 0.10552187500000001) - (0.30221171874999997, 0.3314390625, 0.0691703125, 0.05603125)] [(0.3008453125, 0.26068281249999997, 0.086740625, 0.11234375) - (0.24362890625, 0.26939609375, 0.0710453125, 0.09724843749999999)]
all_ants_0-043_frame_435_227_2930 / 4 / [(0.60890625, 0.40077968750000004, 0.095890625, 0.08265312500000001) - (0.6573109374999999, 0.41691015625, 0.096128125, 0.0973109375)] [(0.752103125, 0.3209796875, 0.12781562500000002, 0.08303437500000001) - (0.72123671875, 0.37407109375, 0.0557828125, 0.07362031249999999)] [(0.67847578125, 0.49700234374999996, 0.0964890625, 0.1105515625) - (0.731934375, 0.44628203125, 0.0922, 0.1238421875)] [(0.72123671875, 0.37407109375, 0.0557828125, 0.07362031249999999) - (0.731934375, 0.44628203125, 0.0922, 0.1238421875)]
all_ants_0-043_frame_460_1786_386 / 10 / [(0.14118906250000002, 0.6718218750000001, 0.08971875, 0.11433437500000002) - (0.178859375, 0.68484609375, 0.054025000000000004, 0.0773765625)] [(0.3063734375, 0.24978437499999998, 0.12236875, 0.1057375) - (0.23722968750000004, 0.26111796875, 0.05825, 0.08914531249999999)] [(0.51987890625, 0.7089187499999999, 0.11549218750000001, 0.070309375) - (0.54023671875, 0.65774765625, 0.1156046875, 0.0868609375)] [(0.51987890625, 0.7089187499999999, 0.11549218750000001, 0.070309375) - (0.5994390625, 0.7101078125, 0.083096875, 0.076028125)] [(0.533996875, 0.55655625, 0.11725624999999999, 0.07884687500000001) - (0.6054867187499999, 0.55093671875, 0.07317343750000001, 0.0851546875)] [(0.2103703125, 0.68714375, 0.0649125, 0.07980000000000001) - (0.178859375, 0.68484609375, 0.054025000000000004, 0.0773765625)] [(0.2103703125, 0.68714375, 0.0649125, 0.07980000000000001) - (0.27065546875, 0.6708476562500001, 0.1008734375, 0.0581265625)] [(0.262346875, 0.64031796875, 0.0948625, 0.0910859375) - (0.27065546875, 0.6708476562500001, 0.1008734375, 0.0581265625)] [(0.262346875, 0.64031796875, 0.0948625, 0.0910859375) - (0.24994140625, 0.6357656250000001, 0.07438281249999999, 0.086415625)] [(0.27065546875, 0.6708476562500001, 0.1008734375, 0.0581265625) - (0.24994140625, 0.6357656250000001, 0.07438281249999999, 0.086415625)]
all_ants_0-043_frame_510_227_2930 / 2 / [(0.5983265625, 0.41743671875, 0.08051875, 0.1053046875) - (0.6407640625, 0.44604609375000004, 0.07609375, 0.1150203125)] [(0.6407640625, 0.44604609375000004, 0.07609375, 0.1150203125) - (0.6707718749999999, 0.42837421875000004, 0.046778125, 0.0770359375)]
all_ants_0-043_frame_570_227_2930 / 3 / [(0.6055515625000001, 0.41340078125, 0.0758, 0.09757656249999999) - (0.6345015625, 0.44791875000000003, 0.061746875, 0.111503125)] [(0.8397703125, 0.9537804687500001, 0.095890625, 0.0924390625) - (0.7867390624999999, 0.9727484375, 0.08609687499999999, 0.052240625)] [(0.6808281249999999, 0.44260703124999995, 0.086209375, 0.0992234375) - (0.6345015625, 0.44791875000000003, 0.061746875, 0.111503125)]
all_ants_0-043_frame_580_1786_386 / 5 / [(0.3449078125, 0.04199140625, 0.072103125, 0.0839828125) - (0.3075, 0.07841406249999999, 0.07650625, 0.0884)] [(0.33697109375, 0.31127890625, 0.1237859375, 0.10060781249999999) - (0.30191015625000006, 0.33364296875, 0.0710734375, 0.056810937500000006)] [(0.53154453125, 0.55068359375, 0.1090453125, 0.0709421875) - (0.60180625, 0.54769921875, 0.08785625, 0.0966015625)] [(0.157440625, 0.6439765625, 0.085859375, 0.118940625) - (0.20510546875, 0.6928632812500001, 0.0848484375, 0.0690296875)] [(0.30955312500000004, 0.14615703124999999, 0.08210625, 0.0949203125) - (0.3075, 0.07841406249999999, 0.07650625, 0.0884)]
all_ants_0-043_frame_60_227_2930 / 5 / [(0.40853359375000003, 0.37561796875000003, 0.0911921875, 0.0971390625) - (0.44176484375, 0.43802812500000005, 0.1160984375, 0.087840625)] [(0.5560125, 0.66997734375, 0.102153125, 0.08202343749999999) - (0.5731953124999999, 0.73719765625, 0.119171875, 0.1147546875)] [(0.8033921875, 0.35168046875, 0.124221875, 0.0903546875) - (0.7769070312499999, 0.39362109375, 0.0634640625, 0.0754515625)] [(0.727340625, 0.37044375, 0.059953124999999996, 0.0729125) - (0.706615625, 0.40901640625, 0.043818750000000004, 0.0520671875)] [(0.66938359375, 0.41154843750000003, 0.0720140625, 0.077353125) - (0.706615625, 0.40901640625, 0.043818750000000004, 0.0520671875)]
all_ants_0-043_frame_620_1786_386 / 3 / [(0.36365625, 0.20323671875, 0.134390625, 0.0961515625) - (0.3112640625, 0.2661265625, 0.129453125, 0.108409375)] [(0.60459296875, 0.54518671875, 0.0782796875, 0.0872421875) - (0.5339570312499999, 0.5514296875, 0.1131421875, 0.06413125)] [(0.23953828124999998, 0.25654374999999996, 0.07201093750000001, 0.093671875) - (0.3112640625, 0.2661265625, 0.129453125, 0.108409375)]
all_ants_0-061_frame_120_2060_3000 / 5 / [(0.29195234375, 0.20065703125, 0.1000015625, 0.0924984375) - (0.33521171875, 0.26046875, 0.0732359375, 0.125196875)] [(0.29195234375, 0.20065703125, 0.1000015625, 0.0924984375) - (0.33553125, 0.24117734375, 0.068515625, 0.0861859375)] [(0.37181015624999997, 0.26860390625, 0.08777968750000001, 0.1174765625) - (0.33521171875, 0.26046875, 0.0732359375, 0.125196875)] [(0.37181015624999997, 0.26860390625, 0.08777968750000001, 0.1174765625) - (0.33553125, 0.24117734375, 0.068515625, 0.0861859375)] [(0.33521171875, 0.26046875, 0.0732359375, 0.125196875) - (0.33553125, 0.24117734375, 0.068515625, 0.0861859375)]
all_ants_0-061_frame_140_2060_3000 / 2 / [(0.29647265624999997, 0.19881796875000002, 0.1095390625, 0.0877921875) - (0.33789609375, 0.24849765625, 0.0927609375, 0.10008281249999999)] [(0.4074546875, 0.240865625, 0.10944687500000001, 0.11183749999999999) - (0.33789609375, 0.24849765625, 0.0927609375, 0.10008281249999999)]
all_ants_0-061_frame_140_300_2800 / 1 / [(0.48220546875000003, 0.18022734375, 0.1269203125, 0.1014640625) - (0.5660796874999999, 0.202303125, 0.0996, 0.11344375)]
all_ants_0-061_frame_20_2060_3000 / 2 / [(0.29606875, 0.19794921875, 0.108853125, 0.08658906250000001) - (0.3613921875, 0.22791328125000002, 0.09134375, 0.1155171875)] [(0.41843125, 0.29059453125, 0.113709375, 0.1396765625) - (0.3613921875, 0.22791328125000002, 0.09134375, 0.1155171875)]
all_ants_0-061_frame_220_1750_300 / 1 / [(0.39442187500000003, 0.13643906249999999, 0.1018, 0.08635625) - (0.45068984375, 0.13417890625, 0.0965265625, 0.12362031250000001)]
all_ants_0-061_frame_270_300_2800 / 1 / [(0.397134375, 0.23676328125, 0.085846875, 0.1088140625) - (0.45450546875, 0.20629375, 0.1174984375, 0.088396875)]
all_ants_0-061_frame_300_300_2800 / 1 / [(0.5503421875, 0.343503125, 0.10701562499999999, 0.11038125000000001) - (0.46856015625, 0.307803125, 0.1258140625, 0.11960937499999999)]
all_ants_0-061_frame_390_300_2800 / 2 / [(0.5866640624999999, 0.23443515625, 0.143378125, 0.1419421875) - (0.6565062500000001, 0.2592671875, 0.11460624999999999, 0.09056875)] [(0.5901406250000001, 0.69520390625, 0.111825, 0.1293203125) - (0.59649375, 0.6098234375, 0.077921875, 0.11195)]
all_ants_0-061_frame_40_1750_300 / 1 / [(0.352328125, 0.8080875, 0.0839, 0.07573437499999999) - (0.34086875, 0.7605046875, 0.082025, 0.07005937500000001)]
all_ants_0-061_frame_420_300_2800 / 2 / [(0.49971015625, 0.19750468750000003, 0.1448953125, 0.098390625) - (0.56628515625, 0.26110234374999997, 0.1044765625, 0.1189765625)] [(0.6067601562499999, 0.20511171875, 0.1108578125, 0.10259531250000001) - (0.56628515625, 0.26110234374999997, 0.1044765625, 0.1189765625)]
all_ants_0-061_frame_520_300_2800 / 6 / [(0.56311640625, 0.18975312500000002, 0.13292656249999998, 0.09985625000000001) - (0.6587328125, 0.17817421875, 0.1103, 0.0967265625)] [(0.7833320312500001, 0.2311890625, 0.0891046875, 0.098715625) - (0.7551593750000001, 0.26635703125000004, 0.13158125, 0.09795781249999999)] [(0.6743937499999999, 0.24287734374999997, 0.1400625, 0.14292968749999999) - (0.6587328125, 0.17817421875, 0.1103, 0.0967265625)] [(0.6743937499999999, 0.24287734374999997, 0.1400625, 0.14292968749999999) - (0.7551593750000001, 0.26635703125000004, 0.13158125, 0.09795781249999999)] [(0.6743937499999999, 0.24287734374999997, 0.1400625, 0.14292968749999999) - (0.7095523437500001, 0.20537812500000002, 0.06824843750000001, 0.06820000000000001)] [(0.6587328125, 0.17817421875, 0.1103, 0.0967265625) - (0.7095523437500001, 0.20537812500000002, 0.06824843750000001, 0.06820000000000001)]
all_ants_0-061_frame_550_300_2800 / 3 / [(0.68961875, 0.18614140625000003, 0.149225, 0.1151015625) - (0.789340625, 0.1901796875, 0.13173125000000002, 0.07871875)] [(0.7327429687500001, 0.2675890625, 0.1009828125, 0.08614374999999999) - (0.7800078125, 0.23609921875, 0.0909125, 0.0532484375)] [(0.7800078125, 0.23609921875, 0.0909125, 0.0532484375) - (0.789340625, 0.1901796875, 0.13173125000000002, 0.07871875)]
all_ants_0-061_frame_60_2060_3000 / 2 / [(0.29503046875, 0.198334375, 0.10573906250000001, 0.086484375) - (0.33064609375000004, 0.2503140625, 0.1055390625, 0.11145624999999999)] [(0.3982546875, 0.26457343749999995, 0.09894375, 0.12573125000000002) - (0.33064609375000004, 0.2503140625, 0.1055390625, 0.11145624999999999)]
all_ants_0-061_frame_80_2060_3000 / 2 / [(0.2937546875, 0.20041640625, 0.103975, 0.0920953125) - (0.3300765625, 0.24361953125000002, 0.096225, 0.0892828125)] [(0.39006484375, 0.26140078125, 0.1128734375, 0.1351421875) - (0.3300765625, 0.24361953125000002, 0.096225, 0.0892828125)]
ant_subset_1-000_det_dataset_0_000001_14_7 / 1 / [(0.6282890624999999, 0.585740625, 0.13937187499999998, 0.100071875) - (0.5327796874999999, 0.58408046875, 0.13385625, 0.10522968749999999)]
ant_subset_1-000_det_dataset_0_000001_1_7 / 1 / [(0.56532734375, 0.9361265625, 0.1384828125, 0.10171250000000001) - (0.47278281250000004, 0.9324890625, 0.131228125, 0.10870312499999998)]
ant_subset_1-000_det_dataset_0_000002_2_7 / 1 / [(0.41359609374999995, 0.4771375, 0.1355265625, 0.105371875) - (0.5087078125, 0.47868203125, 0.13870625, 0.09870156249999999)]
ant_subset_1-000_det_dataset_0_000003_2_7 / 1 / [(0.68983984375, 0.7792648437499999, 0.1320015625, 0.10470468749999999) - (0.7855671875, 0.7807328125, 0.13759062500000002, 0.09577187499999999)]
ant_subset_1-000_det_dataset_0_000004_11_3 / 1 / [(0.94430234375, 0.6574476562500001, 0.11139531250000001, 0.11664843750000001) - (0.9497359375, 0.57033671875, 0.10026874999999999, 0.1136984375)]
ant_subset_1-000_det_dataset_0_000004_9_4 / 2 / [(0.7244953125, 0.12262500000000001, 0.137709375, 0.11143125000000001) - (0.755509375, 0.18245390624999996, 0.140759375, 0.1008859375)] [(0.1677984375, 0.16843046875, 0.15238125, 0.1225640625) - (0.1591046875, 0.07698515625, 0.1116, 0.11202656250000001)]
ant_subset_1-000_det_dataset_0_000006_18_4 / 1 / [(0.73202578125, 0.2444171875, 0.13935781249999998, 0.1066875) - (0.80786640625, 0.30371562499999993, 0.1378296875, 0.09986874999999999)]
ant_subset_1-000_det_dataset_0_000007_11_7 / 1 / [(0.5443421875, 0.618584375, 0.129459375, 0.10360625000000001) - (0.6421476562499999, 0.6209749999999999, 0.1332109375, 0.09483125)]
ant_subset_1-000_det_dataset_0_000017_18_3 / 1 / [(0.1514359375, 0.302753125, 0.14076249999999998, 0.10148125) - (0.0588640625, 0.32982890625, 0.115865625, 0.1119515625)]
ant_subset_1-000_det_dataset_0_000021_7_4 / 1 / [(0.09040703124999999, 0.9043632812500001, 0.1471984375, 0.10266093750000001) - (0.07531796875, 0.9589320312499999, 0.1475921875, 0.08207031249999999)]
ant_subset_1-000_det_dataset_0_000022_13_3 / 1 / [(0.6070054687499999, 0.48189531249999995, 0.1451046875, 0.1024375) - (0.6014796874999999, 0.5587656249999999, 0.15540625, 0.11423749999999999)]
ant_subset_1-000_det_dataset_0_000022_8_4 / 1 / [(0.20109062500000002, 0.9137156249999999, 0.143471875, 0.10386875) - (0.19474843749999998, 0.9687296875, 0.1475125, 0.05991875)]
ant_subset_1-000_det_dataset_0_000023_2_4 / 1 / [(0.37597187499999996, 0.68687109375, 0.137978125, 0.1033359375) - (0.40249765625, 0.768440625, 0.1478609375, 0.10997187500000001)]
ant_subset_1-000_det_dataset_0_000027_5_7 / 2 / [(0.6949359375, 0.7280218749999999, 0.128934375, 0.151775) - (0.62601640625, 0.8033828125, 0.1329703125, 0.095440625)] [(0.5316703125, 0.8029367187500001, 0.133571875, 0.1077453125) - (0.62601640625, 0.8033828125, 0.1329703125, 0.095440625)]
ant_subset_1-000_det_dataset_0_000029_1_6 / 1 / [(0.8147375, 0.47271796875, 0.1264375, 0.1012046875) - (0.91271640625, 0.47645703125000005, 0.1257734375, 0.0916640625)]
ant_subset_1-000_det_dataset_0_000030_5_7 / 1 / [(0.27513359375, 0.28766171875, 0.11869531250000001, 0.0963046875) - (0.36884843749999996, 0.29708203125, 0.12703124999999998, 0.0908671875)]
ant_subset_1-000_det_dataset_0_000031_16_7 / 1 / [(0.6779976562500001, 0.7782484375000001, 0.12039843750000001, 0.100165625) - (0.77236328125, 0.7868593749999999, 0.1279015625, 0.09423125)]
ant_subset_1-000_det_dataset_0_000031_3_7 / 1 / [(0.183834375, 0.5148515625, 0.11986875, 0.097346875) - (0.27547734375, 0.5246171875000001, 0.1306921875, 0.09325)]
ant_subset_1-000_det_dataset_0_000032_2_8 / 1 / [(0.32379765625, 0.8270875000000001, 0.1353671875, 0.098709375) - (0.22798125, 0.816659375, 0.11645000000000001, 0.1034875)]
ant_subset_1-000_det_dataset_0_000033_2_7 / 1 / [(0.326321875, 0.597334375, 0.128525, 0.093834375) - (0.23152578125, 0.5851859375, 0.11783906250000001, 0.102246875)]
ant_subset_1-000_det_dataset_0_000036_14_3 / 1 / [(0.15575078125, 0.2119875, 0.11489843749999999, 0.12172187500000001) - (0.110328125, 0.25280468749999996, 0.071371875, 0.091959375)]
ant_subset_1-000_det_dataset_0_000038_17_3 / 1 / [(0.1545703125, 0.5180296875, 0.15009375, 0.12288125000000001) - (0.16058125, 0.4256, 0.13661875, 0.10635937499999999)]
ant_subset_1-000_det_dataset_0_000038_4_3 / 3 / [(0.36706484375000004, 0.781596875, 0.1389078125, 0.11659375000000001) - (0.37543828125, 0.8303796874999999, 0.1297671875, 0.0934125)] [(0.36706484375000004, 0.781596875, 0.1389078125, 0.11659375000000001) - (0.37329999999999997, 0.80756484375, 0.133359375, 0.1347390625)] [(0.37543828125, 0.8303796874999999, 0.1297671875, 0.0934125) - (0.37329999999999997, 0.80756484375, 0.133359375, 0.1347390625)]
ant_subset_1-000_det_dataset_0_000038_5_4 / 1 / [(0.5421742187499999, 0.30772265625, 0.11248906249999999, 0.1267484375) - (0.4998453125, 0.34628203125, 0.076503125, 0.0956296875)]
ant_subset_1-000_det_dataset_0_000039_4_8 / 2 / [(0.7953265625, 0.8117093750000001, 0.119153125, 0.12991250000000001) - (0.79958828125, 0.9025421874999999, 0.1261796875, 0.109365625)] [(0.79958828125, 0.9025421874999999, 0.1261796875, 0.109365625) - (0.8982515624999999, 0.9162437499999999, 0.127640625, 0.09840625)]
ant_subset_1-000_det_dataset_0_000041_1_8 / 3 / [(0.52994453125, 0.84391484375, 0.12608906250000002, 0.1363359375) - (0.6209484375000001, 0.8668203125000001, 0.12211875000000001, 0.10882812500000001)] [(0.62065, 0.7760796875, 0.1292875, 0.138365625) - (0.6209484375000001, 0.8668203125000001, 0.12211875000000001, 0.10882812500000001)] [(0.7183265625, 0.8823085937499999, 0.13092187500000002, 0.1021578125) - (0.6209484375000001, 0.8668203125000001, 0.12211875000000001, 0.10882812500000001)]
ant_subset_1-000_det_dataset_0_000044_10_8 / 3 / [(0.6689164062499999, 0.86378125, 0.1396453125, 0.11398124999999999) - (0.7530671875, 0.81799453125, 0.1330125, 0.1332921875)] [(0.6689164062499999, 0.86378125, 0.1396453125, 0.11398124999999999) - (0.74708359375, 0.9073937499999999, 0.1077984375, 0.10560624999999998)] [(0.7530671875, 0.81799453125, 0.1330125, 0.1332921875) - (0.74708359375, 0.9073937499999999, 0.1077984375, 0.10560624999999998)]
ant_subset_1-000_det_dataset_0_000045_3_8 / 3 / [(0.26237734375, 0.77900625, 0.1398765625, 0.11353125) - (0.34614999999999996, 0.73438203125, 0.133840625, 0.13210468749999998)] [(0.26237734375, 0.77900625, 0.1398765625, 0.11353125) - (0.33915390624999997, 0.826159375, 0.11688593750000001, 0.1038375)] [(0.34614999999999996, 0.73438203125, 0.133840625, 0.13210468749999998) - (0.33915390624999997, 0.826159375, 0.11688593750000001, 0.1038375)]
ant_subset_1-000_det_dataset_0_000046_21_7 / 3 / [(0.18467812500000003, 0.352709375, 0.13758125000000002, 0.11508750000000001) - (0.26510390625, 0.40157187499999997, 0.1140015625, 0.10525312499999999)] [(0.18467812500000003, 0.352709375, 0.13758125000000002, 0.11508750000000001) - (0.26613671875, 0.31173828125, 0.1182609375, 0.1312453125)] [(0.26510390625, 0.40157187499999997, 0.1140015625, 0.10525312499999999) - (0.26613671875, 0.31173828125, 0.1182609375, 0.1312453125)]
ant_subset_1-000_det_dataset_0_000047_10_8 / 3 / [(0.26326328125000004, 0.73594296875, 0.1408734375, 0.1200984375) - (0.34331171875, 0.78827734375, 0.1136109375, 0.1048609375)] [(0.26326328125000004, 0.73594296875, 0.1408734375, 0.1200984375) - (0.34429609375000003, 0.69538515625, 0.1156734375, 0.12717343750000001)] [(0.34331171875, 0.78827734375, 0.1136109375, 0.1048609375) - (0.34429609375000003, 0.69538515625, 0.1156734375, 0.12717343750000001)]
ant_subset_1-000_det_dataset_0_000047_3_8 / 3 / [(0.6219140625, 0.9137804687500001, 0.14216562500000002, 0.1285390625) - (0.70320234375, 0.87453125, 0.1207234375, 0.13324375)] [(0.6219140625, 0.9137804687500001, 0.14216562500000002, 0.1285390625) - (0.7040921875, 0.95594375, 0.123871875, 0.08811250000000001)] [(0.70320234375, 0.87453125, 0.1207234375, 0.13324375) - (0.7040921875, 0.95594375, 0.123871875, 0.08811250000000001)]
ant_subset_1-000_det_dataset_0_000048_9_8 / 2 / [(0.07469062500000001, 0.72276328125, 0.13825, 0.1245015625) - (0.16427890625000002, 0.6880125, 0.11568281250000001, 0.13355)] [(0.16039140625000003, 0.7765234375000001, 0.11526406250000001, 0.10628750000000001) - (0.16427890625000002, 0.6880125, 0.11568281250000001, 0.13355)]
ant_subset_1-000_det_dataset_0_000049_12_6 / 2 / [(0.113659375, 0.12645625, 0.1337875, 0.12915625) - (0.20415390625, 0.09643046875, 0.1152859375, 0.12474531250000001)] [(0.20162421875, 0.1853828125, 0.1174015625, 0.10411875) - (0.20415390625, 0.09643046875, 0.1152859375, 0.12474531250000001)]
ant_subset_1-000_det_dataset_0_000049_13_8 / 2 / [(0.75558125, 0.76848671875, 0.14018124999999998, 0.13074531250000002) - (0.8378437500000001, 0.7406203124999999, 0.11257500000000001, 0.13009375)] [(0.8396453125, 0.82668203125, 0.116246875, 0.10196406250000001) - (0.8378437500000001, 0.7406203124999999, 0.11257500000000001, 0.13009375)]
ant_subset_1-000_det_dataset_0_000049_8_4 / 1 / [(0.23043671875000002, 0.2618125, 0.11580781250000001, 0.1356) - (0.1659234375, 0.2548515625, 0.09165, 0.11433750000000001)]
ant_subset_1-000_det_dataset_0_000050_2_8 / 3 / [(0.25526015625, 0.79554375, 0.1320171875, 0.10722499999999999) - (0.346175, 0.8366359374999999, 0.12706562500000002, 0.12823437499999998)] [(0.25526015625, 0.79554375, 0.1320171875, 0.10722499999999999) - (0.2526828125, 0.7093414062500001, 0.118284375, 0.13018593750000002)] [(0.16486875, 0.73675, 0.13916562500000002, 0.13240625) - (0.2526828125, 0.7093414062500001, 0.118284375, 0.13018593750000002)]
ant_subset_1-000_det_dataset_0_000052_18_6 / 3 / [(0.90003828125, 0.71849140625, 0.1385171875, 0.1425609375) - (0.9628101562500001, 0.78286484375, 0.0743796875, 0.1176078125)] [(0.90003828125, 0.71849140625, 0.1385171875, 0.1425609375) - (0.9642781250000001, 0.693540625, 0.070703125, 0.116509375)] [(0.9628101562500001, 0.78286484375, 0.0743796875, 0.1176078125) - (0.9642781250000001, 0.693540625, 0.070703125, 0.116509375)]
ant_subset_1-000_det_dataset_0_000052_3_8 / 3 / [(0.2155609375, 0.71167265625, 0.1374625, 0.1428203125) - (0.30544609375, 0.6899257812499999, 0.12404531249999999, 0.1263140625)] [(0.39343984375, 0.830925, 0.1391578125, 0.1244125) - (0.31061796875000003, 0.7787976562500001, 0.1388609375, 0.10940468750000001)] [(0.31061796875000003, 0.7787976562500001, 0.1388609375, 0.10940468750000001) - (0.30544609375, 0.6899257812499999, 0.12404531249999999, 0.1263140625)]
ant_subset_1-000_det_dataset_0_000053_15_5 / 1 / [(0.69318515625, 0.17226484375, 0.11349218750000001, 0.14457031250000002) - (0.6174335937500001, 0.14278124999999997, 0.09719531249999999, 0.12113437499999999)]
ant_subset_1-000_det_dataset_0_000053_1_6 / 1 / [(0.49388984375000006, 0.9480585937500001, 0.1005671875, 0.1018453125) - (0.56486328125, 0.9573421875, 0.10694531249999999, 0.0850125)]
ant_subset_1-000_det_dataset_0_000053_4_7 / 3 / [(0.4229796875, 0.55622265625, 0.1393, 0.1283859375) - (0.3478, 0.49937109375, 0.143221875, 0.10840156249999999)] [(0.24925390625000002, 0.43018671875, 0.1383859375, 0.1459015625) - (0.34036796874999997, 0.4098, 0.1246609375, 0.126321875)] [(0.3478, 0.49937109375, 0.143221875, 0.10840156249999999) - (0.34036796874999997, 0.4098, 0.1246609375, 0.126321875)]
ant_subset_1-000_det_dataset_0_000053_9_4 / 1 / [(0.1393375, 0.79748046875, 0.1116625, 0.14395156250000002) - (0.0651078125, 0.767528125, 0.097375, 0.12029375)]
ant_subset_1-000_det_dataset_0_000054_7_8 / 3 / [(0.24081484374999998, 0.696165625, 0.13524843749999998, 0.141996875) - (0.33639375, 0.68201796875, 0.123734375, 0.1243765625)] [(0.40823125000000005, 0.8336062499999999, 0.132459375, 0.127659375) - (0.34389531250000005, 0.7718921875, 0.145334375, 0.109696875)] [(0.33639375, 0.68201796875, 0.123734375, 0.1243765625) - (0.34389531250000005, 0.7718921875, 0.145334375, 0.109696875)]
ant_subset_1-000_det_dataset_0_000055_14_4 / 1 / [(0.09134843749999999, 0.5426296875, 0.11663749999999999, 0.1311375) - (0.031644531249999996, 0.48720078124999994, 0.0612765625, 0.1332171875)]
ant_subset_1-000_det_dataset_0_000057_1_6 / 2 / [(0.17493671875, 0.24077265625, 0.13642343750000002, 0.1305953125) - (0.27326796875000003, 0.24637890625, 0.12374218749999999, 0.12722968750000002)] [(0.27326796875000003, 0.24637890625, 0.12374218749999999, 0.12722968750000002) - (0.28383437499999997, 0.33835546874999994, 0.12805, 0.10612656250000001)]
ant_subset_1-000_det_dataset_0_000058_17_7 / 2 / [(0.6877570312500001, 0.877953125, 0.1369765625, 0.137575) - (0.783265625, 0.88640625, 0.12390937500000002, 0.13284374999999998)] [(0.783265625, 0.88640625, 0.12390937500000002, 0.13284374999999998) - (0.7988960937499999, 0.96080390625, 0.1278265625, 0.0783703125)]
ant_subset_1-000_det_dataset_0_000058_4_7 / 2 / [(0.142396875, 0.38097578125, 0.13891875, 0.1361515625) - (0.23609765624999998, 0.38898828125, 0.12162031250000001, 0.1269859375)] [(0.23609765624999998, 0.38898828125, 0.12162031250000001, 0.1269859375) - (0.25070703125000005, 0.48075703124999997, 0.1321484375, 0.10604218750000001)]
ant_subset_1-000_det_dataset_0_000059_1_9 / 2 / [(0.44680859375, 0.63304921875, 0.1404671875, 0.1375015625) - (0.53888125, 0.6449328124999999, 0.122178125, 0.127371875)] [(0.55575390625, 0.73392578125, 0.1345140625, 0.10847031250000001) - (0.53888125, 0.6449328124999999, 0.122178125, 0.127371875)]
ant_subset_1-000_det_dataset_0_000059_4_8 / 2 / [(0.282275, 0.717975, 0.13892500000000002, 0.138078125) - (0.37614375, 0.73031484375, 0.12491250000000001, 0.1298484375)] [(0.37614375, 0.73031484375, 0.12491250000000001, 0.1298484375) - (0.39233203125000005, 0.8190953125, 0.1339703125, 0.10446875)]
ant_subset_1-000_det_dataset_0_000060_1_8 / 2 / [(0.2835359375, 0.71828671875, 0.13645625, 0.1387390625) - (0.37350234375, 0.7330117187499999, 0.1239109375, 0.1269984375)] [(0.37350234375, 0.7330117187499999, 0.1239109375, 0.1269984375) - (0.39489765625, 0.8197429687500001, 0.1325140625, 0.09914843749999999)]
ant_subset_1-000_det_dataset_0_000061_3_6 / 1 / [(0.15703984375000002, 0.15088359375, 0.11561718750000001, 0.1400640625) - (0.23274921875, 0.17071875, 0.1208765625, 0.125765625)]
ant_subset_1-000_det_dataset_0_000063_18_6 / 2 / [(0.067, 0.12204921875000001, 0.127178125, 0.14575156250000001) - (0.13440234375, 0.15032109375, 0.12824531249999999, 0.1290015625)] [(0.17287421875, 0.23785078125, 0.1529734375, 0.1053484375) - (0.13440234375, 0.15032109375, 0.12824531249999999, 0.1290015625)]
ant_subset_1-000_det_dataset_0_000063_1_3 / 1 / [(0.06794921875, 0.46400078125000005, 0.1285984375, 0.1516921875) - (0.03236953125, 0.35911640625, 0.0625140625, 0.1489359375)]
ant_subset_1-000_det_dataset_0_000063_3_8 / 1 / [(0.298140625, 0.7110609374999999, 0.132196875, 0.14624062499999999) - (0.36897890624999996, 0.7392328125000001, 0.1266921875, 0.12930312500000002)]
ant_subset_1-000_det_dataset_0_000064_11_9 / 2 / [(0.51255859375, 0.632534375, 0.13804531250000002, 0.13933125) - (0.5818484375, 0.67076328125, 0.128153125, 0.1343421875)] [(0.5818484375, 0.67076328125, 0.128153125, 0.1343421875) - (0.6291945312499999, 0.75633515625, 0.1467828125, 0.1038921875)]
ant_subset_1-000_det_dataset_0_000064_20_6 / 1 / [(0.3055390625, 0.06339453125, 0.123665625, 0.1267890625) - (0.23109609375, 0.04647890624999999, 0.1224671875, 0.09167031249999999)]
ant_subset_1-000_det_dataset_0_000066_18_8 / 1 / [(0.34025312500000005, 0.6490640624999999, 0.135509375, 0.12233750000000002) - (0.4067140625, 0.6971359375, 0.12588749999999999, 0.13435)]
ant_subset_1-000_det_dataset_0_000066_8_9 / 1 / [(0.56487109375, 0.55456640625, 0.1374828125, 0.1218046875) - (0.63092578125, 0.6001382812500001, 0.1264296875, 0.1339859375)]
ant_subset_1-000_det_dataset_0_000067_14_6 / 1 / [(0.09216640625, 0.17921640625000002, 0.1267640625, 0.1291453125) - (0.04655625, 0.13834453125, 0.092915625, 0.1203671875)]
ant_subset_1-000_det_dataset_0_000067_19_5 / 1 / [(0.7229257812500001, 0.37688515625, 0.1405734375, 0.1515015625) - (0.671534375, 0.28887968750000004, 0.113165625, 0.12122187499999999)]
ant_subset_1-000_det_dataset_0_000068_16_6 / 1 / [(0.108315625, 0.04843359375, 0.12475, 0.0940796875) - (0.1811171875, 0.07996328124999999, 0.12275624999999998, 0.1174984375)]
ant_subset_1-000_det_dataset_0_000068_7_9 / 1 / [(0.5710546875, 0.5867523437500001, 0.140134375, 0.1196046875) - (0.64021328125, 0.6272515625, 0.13305781249999998, 0.12877812500000002)]
ant_subset_1-000_det_dataset_0_000068_8_5 / 1 / [(0.6761273437499999, 0.47941015624999994, 0.1144484375, 0.1302859375) - (0.723096875, 0.5678093750000001, 0.145471875, 0.151115625)]
ant_subset_1-000_det_dataset_0_000069_7_5 / 1 / [(0.9065453124999999, 0.38867265624999997, 0.14921875, 0.1370640625) - (0.865359375, 0.29415156249999996, 0.11145624999999999, 0.130871875)]
ant_subset_1-000_det_dataset_0_000070_17_7 / 1 / [(0.6829835937500001, 0.41901953125, 0.1313234375, 0.12296093749999999) - (0.7648874999999999, 0.46384921875000007, 0.12961875, 0.1206703125)]
ant_subset_1-000_det_dataset_0_000070_2_8 / 1 / [(0.161746875, 0.6132289062499999, 0.1288125, 0.12277031249999999) - (0.240428125, 0.6591671875, 0.1272875, 0.11941874999999999)]
ant_subset_1-000_det_dataset_0_000071_13_6 / 1 / [(0.24087109375, 0.26098984375, 0.13407968750000002, 0.1298453125) - (0.3175453125, 0.31008593749999996, 0.1334875, 0.1205125)]
ant_subset_1-000_det_dataset_0_000071_8_5 / 1 / [(0.7846734375000001, 0.42977187499999997, 0.149621875, 0.138540625) - (0.75543671875, 0.34666718750000003, 0.1112765625, 0.12736562499999998)]
ant_subset_1-000_det_dataset_0_000072_1_8 / 1 / [(0.3463359375, 0.6233320312499999, 0.13890625, 0.12923281250000002) - (0.42515390624999994, 0.6790703125, 0.1356765625, 0.12511250000000002)]
ant_subset_1-000_det_dataset_0_000072_3_5 / 1 / [(0.5423640625, 0.20637031249999999, 0.11063125, 0.125228125) - (0.56040390625, 0.29383515625, 0.13210468749999998, 0.12710468749999998)]
ant_subset_1-000_det_dataset_0_000073_17_4 / 1 / [(0.5612296875, 0.66320625, 0.111615625, 0.125453125) - (0.5725976562499999, 0.74817421875, 0.1327421875, 0.1127140625)]
ant_subset_1-000_det_dataset_0_000073_1_8 / 1 / [(0.4153671875, 0.59773203125, 0.14535, 0.12851718750000002) - (0.4889296875, 0.6559546875000001, 0.131078125, 0.1205125)]
ant_subset_1-000_det_dataset_0_000073_6_5 / 1 / [(0.11841640625000001, 0.30913046875000005, 0.11476093750000001, 0.1285765625) - (0.13006015625, 0.39168437500000003, 0.1349734375, 0.11764375)]
ant_subset_1-000_det_dataset_0_000074_18_5 / 1 / [(0.7770484375000001, 0.5165734375000001, 0.1098375, 0.127109375) - (0.7852140625, 0.5982625, 0.13890625, 0.107596875)]
ant_subset_1-000_det_dataset_0_000074_2_3 / 1 / [(0.08593046875, 0.6806085937499999, 0.1345484375, 0.14115781249999998) - (0.0569125, 0.5911765625000001, 0.09817187499999999, 0.10204375000000002)]
ant_subset_1-000_det_dataset_0_000074_8_7 / 1 / [(0.0698546875, 0.5810125, 0.13250625, 0.1227) - (0.036983593749999995, 0.49913984375000003, 0.07321093749999999, 0.1154765625)]
ant_subset_1-000_det_dataset_0_000075_1_5 / 1 / [(0.57443359375, 0.31745, 0.11229843749999999, 0.126659375) - (0.584278125, 0.39574140625, 0.138615625, 0.1136765625)]
ant_subset_1-000_det_dataset_0_000076_15_4 / 1 / [(0.06627968749999999, 0.20574765625000002, 0.11673437499999999, 0.1214609375) - (0.05210000000000001, 0.13053671875, 0.10182500000000001, 0.11863593750000001)]
ant_subset_1-000_det_dataset_0_000076_19_2 / 1 / [(0.5977601562499999, 0.45930312500000003, 0.1186765625, 0.11942187500000001) - (0.5796515625, 0.38330625, 0.110534375, 0.116090625)]
ant_subset_1-000_det_dataset_0_000077_13_4 / 1 / [(0.9266890624999999, 0.33837890625, 0.123415625, 0.1244015625) - (0.9076507812500001, 0.2588359375, 0.1081265625, 0.117271875)]
ant_subset_1-000_det_dataset_0_000077_14_4 / 1 / [(0.15456875, 0.8923265625, 0.1443, 0.13097187500000002) - (0.09562421874999999, 0.80596328125, 0.1536921875, 0.1415546875)]
ant_subset_1-000_det_dataset_0_000078_2_4 / 1 / [(0.08184921875, 0.36559843750000004, 0.12471406249999999, 0.124271875) - (0.05845390624999999, 0.2904640625, 0.11015468749999999, 0.11057187500000001)]
ant_subset_1-000_det_dataset_0_000078_7_7 / 1 / [(0.7790375, 0.5567257812499999, 0.120446875, 0.1381140625) - (0.69439609375, 0.497915625, 0.1462234375, 0.1084875)]
ant_subset_1-000_det_dataset_0_000078_9_5 / 1 / [(0.80389453125, 0.382515625, 0.1402296875, 0.11340625) - (0.799478125, 0.30487265625, 0.11638437500000001, 0.12819843749999998)]
ant_subset_1-000_det_dataset_0_000079_14_4 / 1 / [(0.6798367187500001, 0.78210703125, 0.1479578125, 0.1198515625) - (0.6755257812500001, 0.706378125, 0.1135296875, 0.12710625)]
ant_subset_1-000_det_dataset_0_000080_10_4 / 1 / [(0.04677890625, 0.7804429687500001, 0.0926109375, 0.1177921875) - (0.0346984375, 0.70736015625, 0.069396875, 0.1163671875)]
ant_subset_1-000_det_dataset_0_000080_13_2 / 1 / [(0.44725312500000003, 0.7614671875, 0.12564999999999998, 0.13789374999999998) - (0.41345078124999995, 0.69354765625, 0.1188484375, 0.11124218749999999)]
ant_subset_1-000_det_dataset_0_000080_4_5 / 1 / [(0.61518125, 0.33381796874999997, 0.14876875, 0.1181328125) - (0.6119, 0.25949375, 0.109234375, 0.128971875)]
ant_subset_1-000_det_dataset_0_000081_1_5 / 1 / [(0.52165546875, 0.35540859375000006, 0.1481203125, 0.1148109375) - (0.5177265624999999, 0.28154765625, 0.10624375, 0.1267640625)]
ant_subset_1-000_det_dataset_0_000081_5_3 / 1 / [(0.055504687500000004, 0.7302023437499999, 0.10962187500000001, 0.1373015625) - (0.036595312500000005, 0.6617203125, 0.06963125, 0.12213125)]
ant_subset_1-000_det_dataset_0_000082_13_4 / 1 / [(0.57414609375, 0.15510703125, 0.1591078125, 0.1204609375) - (0.576834375, 0.08219609375, 0.111659375, 0.1279953125)]
ant_subset_1-000_det_dataset_0_000082_2_8 / 1 / [(0.9241843750000001, 0.58689609375, 0.134159375, 0.1117484375) - (0.9740007812500001, 0.6147914062500001, 0.0519546875, 0.1179421875)]
ant_subset_1-000_det_dataset_0_000082_8_6 / 1 / [(0.39327109375, 0.26906796875, 0.1380015625, 0.1107046875) - (0.4748140625, 0.29592890625, 0.1221875, 0.1114828125)]
ant_subset_1-000_det_dataset_0_000082_9_4 / 1 / [(0.1987234375, 0.4057171875, 0.1263375, 0.14081875) - (0.15675078125, 0.339434375, 0.11856718749999999, 0.105578125)]
ant_subset_1-000_det_dataset_0_000083_4_8 / 1 / [(0.9159773437500001, 0.6546296875, 0.1343609375, 0.107840625) - (0.96971953125, 0.67935625, 0.0605609375, 0.11619375000000001)]
ant_subset_1-000_det_dataset_0_000083_6_5 / 1 / [(0.54390859375, 0.5244359375000001, 0.1576140625, 0.11691875) - (0.5456531250000001, 0.45157421875000003, 0.104896875, 0.1259015625)]
ant_subset_1-000_det_dataset_0_000084_4_3 / 1 / [(0.13179765625, 0.50138984375, 0.1450203125, 0.1280765625) - (0.07741171875, 0.437803125, 0.1202609375, 0.115484375)]
ant_subset_1-000_det_dataset_0_000084_5_3 / 1 / [(0.6044734374999999, 0.23113515625, 0.12150625, 0.13890156250000002) - (0.561853125, 0.135478125, 0.156240625, 0.126321875)]
ant_subset_1-000_det_dataset_0_000084_6_3 / 1 / [(0.679815625, 0.53058828125, 0.122696875, 0.1065609375) - (0.7317585937500001, 0.562965625, 0.1372765625, 0.12669999999999998)]
ant_subset_1-000_det_dataset_0_000085_1_3 / 1 / [(0.13777421875, 0.5387953125, 0.1613359375, 0.123503125) - (0.17430859375, 0.62948046875, 0.1241046875, 0.1469265625)]
ant_subset_1-000_det_dataset_0_000085_6_5 / 1 / [(0.67750703125, 0.50085078125, 0.10656406249999999, 0.12436093749999999) - (0.6755140625, 0.5749171875, 0.15808125, 0.121615625)]
ant_subset_1-000_det_dataset_0_000085_9_2 / 1 / [(0.39714921875, 0.59485703125, 0.1209921875, 0.12037968750000001) - (0.34500546875, 0.56977734375, 0.1094734375, 0.1084140625)]
ant_subset_1-000_det_dataset_0_000086_14_3 / 1 / [(0.47941015624999994, 0.05351640625, 0.15244843749999998, 0.10597656250000001) - (0.49942968749999994, 0.1220328125, 0.11834375, 0.126846875)]
ant_subset_1-000_det_dataset_0_000086_15_8 / 1 / [(0.5592078125000001, 0.5995734374999999, 0.1381375, 0.11320625) - (0.481484375, 0.5665953125, 0.133665625, 0.10661875000000001)]
ant_subset_1-000_det_dataset_0_000086_1_2 / 1 / [(0.7058328125000001, 0.460825, 0.14706875, 0.12254374999999999) - (0.638325, 0.39436875000000005, 0.11961875, 0.12226875)]
ant_subset_1-000_det_dataset_0_000087_17_2 / 1 / [(0.67337578125, 0.7598796874999999, 0.11618906250000001, 0.1253) - (0.6559, 0.68358984375, 0.145315625, 0.11853906249999999)]
ant_subset_1-000_det_dataset_0_000087_3_4 / 1 / [(0.8084445312499999, 0.3533734375, 0.1530359375, 0.1179625) - (0.807228125, 0.28172109375, 0.10388125, 0.12549531249999998)]
ant_subset_1-000_det_dataset_0_000088_10_8 / 1 / [(0.9003226562500001, 0.67601640625, 0.1320671875, 0.10203593749999999) - (0.95109609375, 0.70948359375, 0.09780781250000001, 0.1138765625)]
ant_subset_1-000_det_dataset_0_000088_11_3 / 1 / [(0.82723515625, 0.20987109375000002, 0.14157031250000002, 0.11373906250000002) - (0.832021875, 0.29733437500000004, 0.113778125, 0.12836875)]
ant_subset_1-000_det_dataset_0_000088_4_5 / 1 / [(0.560971875, 0.378125, 0.147540625, 0.116934375) - (0.55916875, 0.30616796875, 0.103146875, 0.1230828125)]
ant_subset_1-000_det_dataset_0_000089_12_7 / 1 / [(0.26898671874999996, 0.64009296875, 0.1420703125, 0.1107140625) - (0.19504765625, 0.60555859375, 0.13486718749999999, 0.1027453125)]
ant_subset_1-000_det_dataset_0_000089_14_3 / 1 / [(0.1201296875, 0.18053515625, 0.14921875, 0.12090468750000001) - (0.11535859374999999, 0.111375, 0.1042078125, 0.12548125000000002)]
ant_subset_1-000_det_dataset_0_000089_7_7 / 1 / [(0.7733226562500001, 0.69546015625, 0.14004531250000002, 0.11070781249999999) - (0.6984203125, 0.66081171875, 0.13386875, 0.10440468750000001)]
ant_subset_1-000_det_dataset_0_000090_11_3 / 1 / [(0.76093203125, 0.4007703125, 0.1482421875, 0.10943750000000001) - (0.739153125, 0.48941093750000003, 0.1195375, 0.132190625)]
ant_subset_1-000_det_dataset_0_000090_12_4 / 1 / [(0.063909375, 0.3964625, 0.12445625, 0.11294375000000001) - (0.04356796875, 0.48306328125000003, 0.0853140625, 0.1316328125)]
ant_subset_1-000_det_dataset_0_000090_2_8 / 1 / [(0.8917734375000002, 0.6928296875, 0.143725, 0.11126562499999999) - (0.817196875, 0.65776328125, 0.130115625, 0.10650156250000001)]
ant_subset_1-000_det_dataset_0_000090_3_5 / 1 / [(0.5680499999999999, 0.6027171875, 0.145353125, 0.11583125000000001) - (0.5620640625, 0.53171640625, 0.104803125, 0.1252515625)]
ant_subset_1-000_det_dataset_0_000091_12_3 / 1 / [(0.23563671875, 0.2973140625, 0.16006718749999999, 0.1204) - (0.21403203124999998, 0.37526328124999997, 0.1256359375, 0.1334765625)]
ant_subset_1-000_det_dataset_0_000091_9_5 / 1 / [(0.501753125, 0.4839515625, 0.152815625, 0.12102500000000001) - (0.49411171875000004, 0.41677968750000005, 0.11597656249999999, 0.12760312499999998)]
ant_subset_1-000_det_dataset_0_000092_20_3 / 1 / [(0.77233515625, 0.1668953125, 0.14984843750000001, 0.119346875) - (0.7280289062499999, 0.23802421875000002, 0.11995156250000001, 0.1349453125)]
ant_subset_1-000_det_dataset_0_000092_3_5 / 1 / [(0.9674703124999999, 0.69218203125, 0.064621875, 0.11339218749999999) - (0.971696875, 0.609884375, 0.056606250000000004, 0.1257625)]
ant_subset_1-000_det_dataset_0_000092_4_7 / 2 / [(0.553115625, 0.6969593749999999, 0.14513125, 0.10311250000000001) - (0.59993359375, 0.62371015625, 0.1396203125, 0.1066671875)] [(0.59993359375, 0.62371015625, 0.1396203125, 0.1066671875) - (0.5232874999999999, 0.578140625, 0.129625, 0.106496875)]
ant_subset_1-000_det_dataset_0_000092_7_4 / 1 / [(0.53628046875, 0.93427890625, 0.1570359375, 0.11958593749999999) - (0.5270578125, 0.8668328124999999, 0.119303125, 0.128596875)]
ant_subset_1-000_det_dataset_0_000093_16_5 / 1 / [(0.5152734375, 0.4449078125, 0.12122812499999999, 0.12630625) - (0.52672109375, 0.51350859375, 0.15892656249999998, 0.1210984375)]
ant_subset_1-000_det_dataset_0_000093_19_7 / 2 / [(0.25745703124999997, 0.9310406250000001, 0.1439921875, 0.09758750000000001) - (0.1848015625, 0.87618046875, 0.122359375, 0.10306718749999999)] [(0.25745703124999997, 0.9310406250000001, 0.1439921875, 0.09758750000000001) - (0.22225859375, 0.9736648437500001, 0.1412265625, 0.051482812499999996)]
ant_subset_1-000_det_dataset_0_000093_9_8 / 2 / [(0.85479453125, 0.48201328125, 0.1318109375, 0.11066093749999999) - (0.924740625, 0.53215859375, 0.142421875, 0.0969171875)] [(0.8904539062500001, 0.5966765625, 0.1425265625, 0.101409375) - (0.924740625, 0.53215859375, 0.142421875, 0.0969171875)]
ant_subset_1-000_det_dataset_0_000094_2_4 / 1 / [(0.72541171875, 0.564734375, 0.1563296875, 0.12089375) - (0.7105874999999999, 0.49401953125000003, 0.12228125000000001, 0.1267296875)]
ant_subset_1-000_det_dataset_0_000094_9_3 / 1 / [(0.89035703125, 0.13768359375, 0.1532984375, 0.1247578125) - (0.829175, 0.20563125, 0.11275625, 0.1285375)]
ant_subset_1-000_det_dataset_0_000095_11_3 / 1 / [(0.25583515625, 0.7343773437500001, 0.15042031250000001, 0.13304218750000002) - (0.1815703125, 0.7963820312500001, 0.112521875, 0.1342203125)]
ant_subset_1-000_det_dataset_0_000095_2_5 / 1 / [(0.8236234375, 0.5532812500000001, 0.15718749999999998, 0.11984687499999999) - (0.8069398437499999, 0.48257890625, 0.1239078125, 0.12738906249999998)]
ant_subset_1-000_det_dataset_0_000096_3_4 / 1 / [(0.31052187500000006, 0.42880312499999995, 0.1589625, 0.12087812499999999) - (0.29341015625, 0.357928125, 0.1227984375, 0.124378125)]
ant_subset_1-000_det_dataset_0_000098_15_5 / 1 / [(0.8308914062500001, 0.78396484375, 0.1564140625, 0.12092031249999999) - (0.8108140625, 0.7149203125000001, 0.12110625, 0.126740625)]
ant_subset_1-000_det_dataset_0_000098_5_5 / 1 / [(0.41391328125000004, 0.31842734375, 0.1553484375, 0.12116093750000001) - (0.39331875, 0.24823359374999998, 0.124125, 0.1265421875)]
ant_subset_1-000_det_dataset_0_000100_6_4 / 1 / [(0.29546015625, 0.42159140625, 0.1529265625, 0.12319218750000001) - (0.2693234375, 0.35160859375, 0.130153125, 0.1285046875)]
ant_subset_1-000_det_dataset_0_000103_2_4 / 1 / [(0.49754062499999996, 0.40123203125, 0.149840625, 0.12234843749999999) - (0.46373984375, 0.333975, 0.13418593750000002, 0.129896875)]
ant_subset_1-000_det_dataset_0_000104_11_4 / 1 / [(0.6666148437499999, 0.261534375, 0.1548484375, 0.12413125) - (0.63045234375, 0.19706640625, 0.1267015625, 0.1328796875)]
ant_subset_1-000_det_dataset_0_000105_2_5 / 1 / [(0.884615625, 0.82027265625, 0.15641875, 0.1222453125) - (0.8486437499999999, 0.7552015624999999, 0.13138125, 0.13234375)]
ant_subset_1-000_det_dataset_0_000108_10_4 / 1 / [(0.570125, 0.5132203125000001, 0.14498125, 0.12328125000000001) - (0.66581484375, 0.5214203125, 0.1280765625, 0.11529062500000001)]
ant_subset_1-000_det_dataset_0_000108_12_3 / 1 / [(0.42388281250000004, 0.5471609374999999, 0.13853125, 0.105196875) - (0.41972890625, 0.6120078125, 0.1315390625, 0.09947500000000001)]
ant_subset_1-000_det_dataset_0_000110_12_4 / 1 / [(0.3707859375, 0.512425, 0.135890625, 0.1311) - (0.41333984375, 0.57468515625, 0.14819218750000002, 0.12264531249999999)]
ant_subset_1-000_det_dataset_0_000110_15_4 / 1 / [(0.89694140625, 0.243828125, 0.1360046875, 0.129621875) - (0.9325015624999999, 0.3059484375, 0.134996875, 0.1217125)]
ant_subset_1-000_det_dataset_0_000110_2_3 / 1 / [(0.30589765625, 0.6606921875, 0.13632968750000002, 0.10277499999999999) - (0.3229, 0.733196875, 0.12972187500000001, 0.09525937500000001)]
ant_subset_1-000_det_dataset_0_000111_7_4 / 1 / [(0.37528046875, 0.498559375, 0.1393234375, 0.13091875) - (0.4121171875, 0.5633171874999999, 0.127775, 0.121225)]
ant_subset_1-000_det_dataset_0_000112_3_4 / 1 / [(0.48978515624999996, 0.8609359375, 0.11694843749999999, 0.12311562499999999) - (0.5059421875000001, 0.78361640625, 0.13740625, 0.09920156249999999)]
ant_subset_1-000_det_dataset_0_000113_6_3 / 1 / [(0.28675, 0.81526953125, 0.124971875, 0.1267859375) - (0.31636953125, 0.7425734375, 0.1411234375, 0.10023125)]
ant_subset_1-000_det_dataset_0_000114_13_7 / 2 / [(0.2059921875, 0.36855312500000004, 0.1544625, 0.11643125000000001) - (0.110428125, 0.33178515625, 0.140528125, 0.1025984375)] [(0.110428125, 0.33178515625, 0.140528125, 0.1025984375) - (0.0744890625, 0.3898234375, 0.140390625, 0.096809375)]
ant_subset_1-000_det_dataset_0_000115_5_7 / 2 / [(0.4005171875, 0.6186671875, 0.152171875, 0.11997187499999999) - (0.3024140625, 0.58633359375, 0.141625, 0.1056234375)] [(0.25956953125, 0.64167265625, 0.1353609375, 0.0968171875) - (0.3024140625, 0.58633359375, 0.141625, 0.1056234375)]
ant_subset_1-000_det_dataset_0_000118_10_4 / 1 / [(0.274184375, 0.5498804687500001, 0.10272812499999999, 0.12495156249999999) - (0.34195859375, 0.516090625, 0.09933906249999999, 0.11027187499999999)]
ant_subset_1-000_det_dataset_0_000123_19_7 / 3 / [(0.24359140625, 0.77815078125, 0.1385015625, 0.1153890625) - (0.1474578125, 0.8037164062500001, 0.11328125, 0.13053281249999998)] [(0.75764140625, 0.680409375, 0.12546718750000002, 0.11655937499999999) - (0.83506171875, 0.6462968750000001, 0.1357453125, 0.12395937500000001)] [(0.9171296875, 0.6407875, 0.133490625, 0.14420312500000002) - (0.83506171875, 0.6462968750000001, 0.1357453125, 0.12395937500000001)]
ant_subset_1-000_det_dataset_0_000124_6_7 / 3 / [(0.592325, 0.65639921875, 0.12878125, 0.1434453125) - (0.511865625, 0.6661296875, 0.1364625, 0.12220625)] [(0.7918367187500001, 0.808459375, 0.1466578125, 0.10634062500000001) - (0.8048937500000001, 0.73290390625, 0.14005625, 0.1027453125)] [(0.4324046875, 0.69991953125, 0.12216562500000001, 0.1144953125) - (0.511865625, 0.6661296875, 0.1364625, 0.12220625)]
ant_subset_1-000_det_dataset_0_000125_1_6 / 1 / [(0.7402789062499999, 0.81088203125, 0.1226421875, 0.1233546875) - (0.80785, 0.841740625, 0.134884375, 0.13023125)]
ant_subset_1-000_det_dataset_0_000126_14_4 / 1 / [(0.6775320312499999, 0.48983984375, 0.11578906250000001, 0.1303546875) - (0.64881484375, 0.58937421875, 0.1530421875, 0.1332453125)]
ant_subset_1-000_det_dataset_0_000126_1_7 / 2 / [(0.18381953125, 0.3308046875, 0.1243765625, 0.14174375) - (0.11173046875, 0.35469765625000005, 0.1304546875, 0.11924531249999999)] [(0.11173046875, 0.35469765625000005, 0.1304546875, 0.11924531249999999) - (0.0407703125, 0.37735, 0.080553125, 0.12065937499999999)]
ant_subset_1-000_det_dataset_0_000127_10_8 / 2 / [(0.5026484375000001, 0.70240625, 0.13386875, 0.131965625) - (0.6000968750000001, 0.68473515625, 0.13984375, 0.12006406249999999)] [(0.6000968750000001, 0.68473515625, 0.13984375, 0.12006406249999999) - (0.6743296875, 0.65888125, 0.12287812499999999, 0.140490625)]
ant_subset_1-000_det_dataset_0_000127_12_6 / 1 / [(0.571921875, 0.8200601562500001, 0.122128125, 0.1347015625) - (0.6477265624999999, 0.8369296875, 0.129675, 0.13017499999999999)]
ant_subset_1-000_det_dataset_0_000128_13_3 / 1 / [(0.74259765625, 0.67964140625, 0.1385234375, 0.1179359375) - (0.67211015625, 0.7550156250000001, 0.1267046875, 0.13040625)]
ant_subset_1-000_det_dataset_0_000128_3_4 / 1 / [(0.7061437500000001, 0.43876015625, 0.12344375, 0.1325796875) - (0.69585859375, 0.53673984375, 0.1565671875, 0.12353906249999999)]
ant_subset_1-000_det_dataset_0_000128_8_6 / 1 / [(0.8282859375, 0.9025710937499999, 0.115025, 0.1384765625) - (0.9088625000000001, 0.9177484375, 0.1302875, 0.129659375)]
ant_subset_1-000_det_dataset_0_000129_5_2 / 1 / [(0.8319640625, 0.36926875000000003, 0.137509375, 0.11792812500000001) - (0.76887578125, 0.44704765625000004, 0.1281328125, 0.1281640625)]
ant_subset_1-000_det_dataset_0_000129_7_5 / 1 / [(0.764228125, 0.41305390625, 0.11060624999999999, 0.1435421875) - (0.8504296875, 0.425403125, 0.130940625, 0.139946875)]
ant_subset_1-000_det_dataset_0_000129_8_4 / 1 / [(0.3633703125, 0.44683203125, 0.11356875, 0.1335609375) - (0.37517265624999996, 0.5456210937499999, 0.1426234375, 0.1175921875)]
ant_subset_1-000_det_dataset_0_000130_4_3 / 1 / [(0.51839296875, 0.7466328124999999, 0.1458796875, 0.129665625) - (0.56751640625, 0.66262109375, 0.1372265625, 0.1226390625)]
ant_subset_1-000_det_dataset_0_000130_7_5 / 1 / [(0.8261398437499999, 0.36746328125000005, 0.11021718750000001, 0.14895468750000002) - (0.90941171875, 0.3718984375, 0.12967656249999998, 0.13661875)]
ant_subset_1-000_det_dataset_0_000131_2_6 / 1 / [(0.745190625, 0.742196875, 0.13251875, 0.1327375) - (0.6598820312499999, 0.75786875, 0.11066406250000001, 0.12535000000000002)]
ant_subset_1-000_det_dataset_0_000131_5_4 / 1 / [(0.66537265625, 0.36421484375, 0.1120984375, 0.1297265625) - (0.6797187499999999, 0.4458765625, 0.13584687499999998, 0.141765625)]
ant_subset_1-000_det_dataset_0_000131_8_3 / 1 / [(0.8149734375, 0.93153828125, 0.14414375, 0.1245109375) - (0.861909375, 0.8415523437500001, 0.12895625, 0.1249765625)]
ant_subset_1-000_det_dataset_0_000132_10_5 / 1 / [(0.8034578125, 0.36951328124999994, 0.13063125, 0.13661718750000001) - (0.71429765625, 0.39655312499999995, 0.1141328125, 0.13874999999999998)]
ant_subset_1-000_det_dataset_0_000133_9_6 / 1 / [(0.67091796875, 0.80808359375, 0.1207828125, 0.1449078125) - (0.7599234374999999, 0.7718109375000001, 0.12785312499999998, 0.134165625)]
ant_subset_1-000_det_dataset_0_000134_4_6 / 1 / [(0.9354874999999999, 0.29496484375, 0.129025, 0.1248015625) - (0.9670406250000001, 0.22758046875, 0.06544375, 0.1330203125)]
ant_subset_1-000_det_dataset_0_000135_5_8 / 1 / [(0.75401796875, 0.6749625, 0.1350140625, 0.111790625) - (0.7997609375000001, 0.60140078125, 0.12234687500000001, 0.1351296875)]
ant_subset_1-000_det_dataset_0_000136_10_8 / 1 / [(0.8544726562500001, 0.50794921875, 0.1420390625, 0.1108921875) - (0.89271953125, 0.43580390625, 0.11692031249999998, 0.1341453125)]
ant_subset_1-000_det_dataset_0_000136_1_4 / 1 / [(0.423259375, 0.61168828125, 0.13074375, 0.1415265625) - (0.345015625, 0.6798406250000001, 0.11884687499999999, 0.135509375)]
ant_subset_1-000_det_dataset_0_000136_5_5 / 1 / [(0.9337000000000001, 0.60443828125, 0.126775, 0.1436359375) - (0.8583218750000001, 0.67297578125, 0.115490625, 0.13774843750000001)]
ant_subset_1-000_det_dataset_0_000136_8_7 / 1 / [(0.163009375, 0.67392421875, 0.1436875, 0.1099859375) - (0.20306328124999998, 0.5991609374999999, 0.1156234375, 0.13099687499999998)]
ant_subset_1-000_det_dataset_0_000137_2_7 / 1 / [(0.79978125, 0.10830703125000002, 0.14826250000000002, 0.11280781250000001) - (0.83145625, 0.047692187500000004, 0.108365625, 0.09449687500000001)]
ant_subset_1-000_det_dataset_0_000137_4_8 / 1 / [(0.7393296874999999, 0.6890507812500001, 0.14697812500000002, 0.11323593750000001) - (0.77286640625, 0.61081015625, 0.1139515625, 0.1294265625)]
ant_subset_1-000_det_dataset_0_000138_5_7 / 1 / [(0.790459375, 0.32774531250000005, 0.14400625, 0.1104125) - (0.8148890625, 0.2471109375, 0.1151375, 0.129696875)]
ant_subset_1-000_det_dataset_0_000139_1_5 / 1 / [(0.12126562499999999, 0.37836328124999996, 0.1193, 0.1383859375) - (0.10703125000000001, 0.4631859375, 0.135725, 0.10875625)]
ant_subset_1-000_det_dataset_0_000139_8_4 / 1 / [(0.83588203125, 0.225753125, 0.12662656249999998, 0.11254375000000001) - (0.8428015625, 0.32843125, 0.137978125, 0.152003125)]
ant_subset_1-000_det_dataset_0_000141_1_5 / 1 / [(0.13018984375, 0.54024453125, 0.12093593750000001, 0.13441406250000001) - (0.1224203125, 0.632446875, 0.135453125, 0.11303749999999999)]
ant_subset_1-000_det_dataset_0_000142_10_8 / 2 / [(0.8873765624999999, 0.67545234375, 0.14436875, 0.1072859375) - (0.8295484375, 0.60735234375, 0.13902187500000002, 0.1199359375)] [(0.83239375, 0.5117453125, 0.11954374999999999, 0.13473437500000002) - (0.8295484375, 0.60735234375, 0.13902187500000002, 0.1199359375)]
ant_subset_1-000_det_dataset_0_000143_14_5 / 1 / [(0.0746609375, 0.5021375, 0.14118124999999998, 0.1) - (0.04848203125, 0.44188437500000005, 0.0962921875, 0.1027375)]
ant_subset_1-000_det_dataset_0_000143_5_6 / 1 / [(0.47961484374999996, 0.70328359375, 0.1450078125, 0.11997031250000001) - (0.5250140625, 0.771528125, 0.142909375, 0.10268124999999999)]
ant_subset_1-000_det_dataset_0_000144_1_7 / 1 / [(0.75980625, 0.32455000000000006, 0.14127499999999998, 0.10530625) - (0.7171125, 0.2540734375, 0.139921875, 0.11065624999999998)]
ant_subset_1-000_det_dataset_0_000145_3_5 / 1 / [(0.1852875, 0.7884359375, 0.14751875, 0.10774062499999999) - (0.158021875, 0.7182859375, 0.13734375000000001, 0.11165)]
ant_subset_1-000_det_dataset_0_000146_14_7 / 1 / [(0.35797734375, 0.37305234374999996, 0.1432203125, 0.1002203125) - (0.34900390625, 0.3072875, 0.1300609375, 0.100165625)]
ant_subset_1-000_det_dataset_0_000146_5_5 / 1 / [(0.042496093750000005, 0.8497539062500001, 0.08444531250000001, 0.1022078125) - (0.051375000000000004, 0.9181515625000001, 0.10080625000000001, 0.096284375)]
ant_subset_1-000_det_dataset_0_000157_12_5 / 1 / [(0.08613828124999999, 0.20828515625, 0.1418203125, 0.1150171875) - (0.165721875, 0.16804609375, 0.1367, 0.11672031249999999)]
ant_subset_1-000_det_dataset_0_000158_1_5 / 1 / [(0.20730390625000003, 0.8397375, 0.14061718750000002, 0.115690625) - (0.1164640625, 0.87583359375, 0.142265625, 0.12098906250000001)]
ant_subset_1-000_det_dataset_0_000159_13_2 / 1 / [(0.37645078125, 0.7795359375, 0.1508796875, 0.108815625) - (0.27205781250000005, 0.821021875, 0.144596875, 0.11964375000000001)]
ant_subset_1-000_det_dataset_0_000160_8_3 / 1 / [(0.6462023437500001, 0.49568828125000003, 0.1492734375, 0.1067765625) - (0.55566796875, 0.5389499999999999, 0.1440078125, 0.119175)]
ant_subset_1-000_det_dataset_0_000161_1_2 / 1 / [(0.3639625, 0.5302671875, 0.1401, 0.111053125) - (0.44953046875, 0.48956171875, 0.1461359375, 0.10921718750000001)]
ant_subset_1-000_det_dataset_0_000162_3_2 / 1 / [(0.28120859374999996, 0.44811328125, 0.1493453125, 0.1072390625) - (0.19765, 0.49043281250000004, 0.138715625, 0.11225937500000001)]
ant_subset_1-000_det_dataset_0_000163_8_5 / 1 / [(0.8779914062499999, 0.35306796875, 0.1449109375, 0.1069046875) - (0.79269765625, 0.39639609375, 0.1384359375, 0.10972343749999999)]
ant_subset_1-000_det_dataset_0_000164_9_2 / 1 / [(0.3077390625, 0.4360796875, 0.140421875, 0.112175) - (0.39341875000000004, 0.39240703125000004, 0.14154687500000002, 0.10527968750000001)]
ant_subset_1-000_det_dataset_0_000165_15_4 / 1 / [(0.6320843749999999, 0.8596976562499998, 0.14285, 0.1122078125) - (0.71235390625, 0.8172875000000001, 0.1505015625, 0.1083375)]
ant_subset_1-000_det_dataset_0_000166_18_5 / 1 / [(0.72686328125, 0.56938125, 0.1387671875, 0.11056875) - (0.8060296875, 0.528796875, 0.15004375, 0.10559062500000001)]
ant_subset_1-000_det_dataset_0_000167_19_2 / 1 / [(0.21222499999999997, 0.44336015624999997, 0.14260937499999998, 0.1100546875) - (0.28699140624999997, 0.402853125, 0.1469578125, 0.10528437500000001)]
ant_subset_1-000_det_dataset_0_000167_6_5 / 1 / [(0.64667421875, 0.8438078125, 0.1387203125, 0.13289375) - (0.7252835937500001, 0.84118515625, 0.1167546875, 0.1288453125)]
ant_subset_1-000_det_dataset_0_000168_10_2 / 1 / [(0.31420234375, 0.36452109375, 0.14347656250000002, 0.1135328125) - (0.39133359375, 0.32212265625, 0.1450828125, 0.10505781249999999)]
ant_subset_1-000_det_dataset_0_000168_5_3 / 1 / [(0.80378828125, 0.88093046875, 0.14828593750000002, 0.12314218750000001) - (0.7418359374999999, 0.8169046875, 0.131196875, 0.09604375000000001)]
ant_subset_1-000_det_dataset_0_000169_13_5 / 1 / [(0.76732421875, 0.50166015625, 0.14682656249999998, 0.11258593750000001) - (0.844284375, 0.45690390624999994, 0.145565625, 0.10322031250000001)]
ant_subset_1-000_det_dataset_0_000169_16_5 / 1 / [(0.39342578125, 0.50735, 0.1388046875, 0.1217625) - (0.32605703125, 0.45522812500000004, 0.1297296875, 0.09320937500000001)]
ant_subset_1-000_det_dataset_0_000170_14_2 / 1 / [(0.273621875, 0.34247109375, 0.1481, 0.1116078125) - (0.34843828125000004, 0.29822187499999997, 0.1461265625, 0.1038125)]
ant_subset_1-000_det_dataset_0_000171_7_5 / 1 / [(0.7418203125, 0.5822960937499999, 0.14634375, 0.1104015625) - (0.81804375, 0.53545234375, 0.147246875, 0.1060734375)]
ant_subset_1-000_det_dataset_0_000174_1_5 / 1 / [(0.74737421875, 0.3936921875, 0.1475796875, 0.10831874999999999) - (0.81986171875, 0.34835703125000006, 0.1490609375, 0.1043328125)]
ant_subset_1-000_det_dataset_0_000175_9_2 / 1 / [(0.42290312500000005, 0.60666875, 0.146415625, 0.100209375) - (0.49457578124999996, 0.5551804687499999, 0.1496953125, 0.10602343750000001)]
ant_subset_1-000_det_dataset_0_000176_13_2 / 1 / [(0.37043437500000004, 0.45818984375, 0.151334375, 0.09891093749999999) - (0.43872734375, 0.40446953125, 0.14832343750000002, 0.10491406249999999)]
ant_subset_1-000_det_dataset_0_000176_6_3 / 1 / [(0.39940781249999996, 0.6630375, 0.1401125, 0.13019375) - (0.43744921875, 0.5951429687500001, 0.1104453125, 0.1253015625)]
ant_subset_1-000_det_dataset_0_000177_5_2 / 1 / [(0.2816328125, 0.2063890625, 0.15271875, 0.1004) - (0.34684765625, 0.1516875, 0.1462953125, 0.104915625)]
ant_subset_1-000_det_dataset_0_000177_7_5 / 1 / [(0.65349765625, 0.8591203125, 0.14944531249999998, 0.13385) - (0.68752109375, 0.7852617187500001, 0.1092078125, 0.1300640625)]
ant_subset_1-000_det_dataset_0_000178_12_2 / 1 / [(0.4088742187500001, 0.29722031250000003, 0.1437640625, 0.10314375) - (0.34331875, 0.35412109375, 0.15212187500000002, 0.0989609375)]
ant_subset_1-000_det_dataset_0_000178_1_5 / 1 / [(0.6209953125000001, 0.8819007812499999, 0.15309375, 0.1334328125) - (0.6544578125, 0.79939921875, 0.108984375, 0.1293015625)]
ant_subset_1-000_det_dataset_0_000179_14_4 / 1 / [(0.70454375, 0.6445890624999999, 0.130928125, 0.127084375) - (0.7335234375, 0.5549835937500001, 0.10695625, 0.1314609375)]
ant_subset_1-000_det_dataset_0_000179_2_4 / 1 / [(0.06953828125000001, 0.70773359375, 0.12936406250000002, 0.1267421875) - (0.09683671875, 0.61691015625, 0.1072734375, 0.1301171875)]
ant_subset_1-000_det_dataset_0_000180_15_3 / 1 / [(0.63738203125, 0.319359375, 0.1444109375, 0.10395625) - (0.5730031250000001, 0.376934375, 0.15570625, 0.1052)]
ant_subset_1-000_det_dataset_0_000181_6_2 / 1 / [(0.0828234375, 0.8983335937499999, 0.148053125, 0.1034078125) - (0.14647578125, 0.8406921875, 0.1429421875, 0.1034375)]
ant_subset_1-000_det_dataset_0_000182_13_7 / 1 / [(0.40581484375, 0.562778125, 0.1332296875, 0.12100625000000001) - (0.49774140624999996, 0.51921171875, 0.1271671875, 0.1438015625)]
ant_subset_1-000_det_dataset_0_000182_15_4 / 1 / [(0.64834765625, 0.94618125, 0.1541390625, 0.104240625) - (0.7102492187499999, 0.8880117187500001, 0.1431515625, 0.10308593749999999)]
ant_subset_1-000_det_dataset_0_000183_7_3 / 1 / [(0.950384375, 0.7653226562500001, 0.09923125000000001, 0.1504046875) - (0.87956484375, 0.7395710937500001, 0.1065859375, 0.11153593749999999)]
ant_subset_1-000_det_dataset_0_000184_10_5 / 2 / [(0.10653906249999999, 0.4534109375, 0.131603125, 0.1508625) - (0.03669140625, 0.433478125, 0.0733828125, 0.121846875)] [(0.79662421875, 0.41895859375, 0.1359515625, 0.13413906250000002) - (0.888496875, 0.39957265625, 0.136346875, 0.0980078125)]
ant_subset_1-000_det_dataset_0_000185_2_5 / 2 / [(0.8352843750000001, 0.72856328125, 0.133284375, 0.1373046875) - (0.92618359375, 0.7124242187500001, 0.13737968750000001, 0.1018734375)] [(0.1494328125, 0.7498578124999999, 0.126834375, 0.129815625) - (0.06040078125000001, 0.73936796875, 0.10808906250000001, 0.11948906249999999)]
ant_subset_1-000_det_dataset_0_000185_6_7 / 1 / [(0.4302390625, 0.50743515625, 0.135453125, 0.1327796875) - (0.3625125, 0.56319453125, 0.1308875, 0.13224843749999998)]
ant_subset_1-000_det_dataset_0_000186_14_5 / 2 / [(0.8854343750000001, 0.7476304687499999, 0.133009375, 0.1349828125) - (0.95678359375, 0.7321867187500001, 0.0864328125, 0.0976515625)] [(0.20060546875, 0.7672703125000001, 0.1260046875, 0.12840625) - (0.110765625, 0.75523046875, 0.110025, 0.1218421875)]
ant_subset_1-000_det_dataset_0_000186_1_7 / 1 / [(0.40410234375, 0.58989140625, 0.1259078125, 0.12368593750000001) - (0.346165625, 0.6412484375, 0.123828125, 0.115690625)]
ant_subset_1-000_det_dataset_0_000186_2_3 / 1 / [(0.43906171875, 0.6797125, 0.1340390625, 0.096046875) - (0.349040625, 0.6948765625000001, 0.134090625, 0.13355)]
ant_subset_1-000_det_dataset_0_000188_13_2 / 1 / [(0.65615625, 0.8342328124999999, 0.125284375, 0.13950625) - (0.5695859375, 0.82554453125, 0.11632499999999998, 0.11813906249999999)]
ant_subset_1-000_det_dataset_0_000191_17_3 / 1 / [(0.8578265625000001, 0.40809765625, 0.11751875, 0.12230468750000001) - (0.9413375, 0.41908203125, 0.11732499999999998, 0.1387984375)]
ant_subset_1-000_det_dataset_0_000191_1_5 / 2 / [(0.8989179687500001, 0.7617953125, 0.12001718750000001, 0.10138125) - (0.8241250000000001, 0.77918046875, 0.12249375, 0.1129890625)] [(0.1285921875, 0.7899242187500001, 0.129053125, 0.1384203125) - (0.0481109375, 0.77963515625, 0.09574375, 0.1207390625)]
ant_subset_1-000_det_dataset_0_000192_16_6 / 1 / [(0.28900859375, 0.29809140625, 0.1369296875, 0.1139109375) - (0.23551171875, 0.35670937499999994, 0.11437656249999999, 0.113015625)]
ant_subset_1-000_det_dataset_0_000193_13_6 / 1 / [(0.4096296875, 0.43420234375000005, 0.135103125, 0.1123359375) - (0.35425703124999997, 0.49682343749999996, 0.11525468750000001, 0.11410000000000001)]
ant_subset_1-000_det_dataset_0_000193_2_7 / 1 / [(0.82596484375, 0.7661773437499999, 0.1343140625, 0.1126703125) - (0.76923046875, 0.82971328125, 0.1152484375, 0.11489843749999999)]
ant_subset_1-000_det_dataset_0_000194_2_7 / 1 / [(0.6869828124999999, 0.7203890625, 0.139771875, 0.11727499999999999) - (0.63284609375, 0.7865234375, 0.1170546875, 0.12384375)]
ant_subset_1-000_det_dataset_0_000195_2_7 / 1 / [(0.32735781249999996, 0.604946875, 0.140453125, 0.11868749999999999) - (0.27397187500000003, 0.6710406250000001, 0.1173, 0.12729375)]
ant_subset_1-000_det_dataset_0_000196_2_7 / 1 / [(0.7129179687499999, 0.1788265625, 0.1500359375, 0.126453125) - (0.691634375, 0.10179609375, 0.13046249999999998, 0.1159734375)]
ant_subset_1-000_det_dataset_0_000196_4_7 / 1 / [(0.73562890625, 0.310715625, 0.1534234375, 0.12974687499999998) - (0.70502109375, 0.23446953125000003, 0.11720781250000001, 0.10583281250000001)]
ant_subset_1-000_det_dataset_0_000196_5_6 / 1 / [(0.658971875, 0.4403265625, 0.12071875000000001, 0.13369375) - (0.71701484375, 0.375996875, 0.1360296875, 0.12102500000000001)]
ant_subset_1-000_det_dataset_0_000197_11_2 / 1 / [(0.38189531250000003, 0.65048984375, 0.1420875, 0.1085515625) - (0.45254218749999997, 0.5855921875, 0.137675, 0.10533125000000002)]
ant_subset_1-000_det_dataset_0_000197_12_3 / 1 / [(0.51567578125, 0.75801875, 0.1095703125, 0.097653125) - (0.5985781250000001, 0.76719375, 0.12321562500000001, 0.12387812499999999)]
ant_subset_1-000_det_dataset_0_000198_16_3 / 1 / [(0.69066328125, 0.33203984375, 0.1234515625, 0.12407968750000001) - (0.6122164062500001, 0.32207500000000006, 0.1109203125, 0.10001875)]
ant_subset_1-000_det_dataset_0_000198_18_7 / 1 / [(0.54620078125, 0.6968984375, 0.1178484375, 0.13205) - (0.59265, 0.631790625, 0.140603125, 0.125784375)]
ant_subset_1-000_det_dataset_0_000198_21_5 / 2 / [(0.12337187499999999, 0.30087890625, 0.124059375, 0.1272921875) - (0.0492140625, 0.28974765625, 0.0966625, 0.1016171875)] [(0.84351875, 0.3494203125, 0.14908749999999998, 0.127671875) - (0.8928421875, 0.27579296875000003, 0.1277625, 0.0996109375)]
ant_subset_1-000_det_dataset_0_000198_2_3 / 1 / [(0.5012257812500001, 0.18602578125000002, 0.1578859375, 0.1295828125) - (0.54850625, 0.1107484375, 0.13312812499999999, 0.0986125)]
ant_subset_1-000_det_dataset_0_000198_8_7 / 1 / [(0.1328578125, 0.86472578125, 0.141725, 0.1283515625) - (0.087578125, 0.9296984374999999, 0.11574999999999999, 0.13125)]
ant_subset_1-000_det_dataset_0_000199_16_4 / 1 / [(0.35579531249999996, 0.61681640625, 0.11243125000000001, 0.1435765625) - (0.29253515625, 0.62990859375, 0.10365781249999999, 0.1297515625)]
ant_subset_1-000_det_dataset_0_000199_7_5 / 2 / [(0.8548609375, 0.9007265625, 0.160896875, 0.12647187499999998) - (0.8971078124999999, 0.81996640625, 0.13935625000000001, 0.11029531249999999)] [(0.13145078125, 0.8486874999999999, 0.1224234375, 0.12644375000000002) - (0.053503125, 0.84053203125, 0.10132812499999999, 0.0947859375)]
ant_subset_1-000_det_dataset_0_000199_9_3 / 1 / [(0.3851328125, 0.43965546875000006, 0.12708124999999998, 0.1260484375) - (0.3103375, 0.4298890625, 0.111121875, 0.1008125)]
ant_subset_1-000_det_dataset_0_000201_9_3 / 1 / [(0.54622109375, 0.20924374999999998, 0.1336015625, 0.10487500000000001) - (0.6249546874999999, 0.267603125, 0.14559375000000002, 0.103790625)]
ant_subset_1-000_det_dataset_0_000202_3_3 / 1 / [(0.77231796875, 0.5818492187500001, 0.1273296875, 0.1236234375) - (0.6951265624999999, 0.5737578125, 0.11434375000000001, 0.111459375)]
ant_subset_1-000_det_dataset_0_000204_16_6 / 1 / [(0.7606609375000001, 0.54353359375, 0.127484375, 0.1306953125) - (0.791090625, 0.47185546875000006, 0.134428125, 0.1341515625)]
ant_subset_1-000_det_dataset_0_000206_17_6 / 1 / [(0.5080234375, 0.89848046875, 0.128621875, 0.1422578125) - (0.555259375, 0.820815625, 0.130940625, 0.122696875)]
ant_subset_1-000_det_dataset_0_000206_8_6 / 1 / [(0.20317890625, 0.58754609375, 0.1265015625, 0.1396296875) - (0.248125, 0.5092562500000001, 0.13116250000000002, 0.12249687499999999)]
ant_subset_1-000_det_dataset_0_000207_11_5 / 1 / [(0.32203984375, 0.38619921874999996, 0.1354046875, 0.1407078125) - (0.37601796875, 0.3079984375, 0.1306328125, 0.12060937499999999)]
ant_subset_1-000_det_dataset_0_000207_9_5 / 1 / [(0.37131562500000004, 0.8890125, 0.137284375, 0.142015625) - (0.425440625, 0.8123976562499999, 0.13100625, 0.12159843749999999)]
ant_subset_1-000_det_dataset_0_000208_1_6 / 2 / [(0.5575765625, 0.94172265625, 0.14532499999999998, 0.1165546875) - (0.6171429687500001, 0.86839296875, 0.1359421875, 0.12741093750000002)] [(0.70578046875, 0.81163671875, 0.1237265625, 0.1448703125) - (0.6171429687500001, 0.86839296875, 0.1359421875, 0.12741093750000002)]
ant_subset_1-000_det_dataset_0_000209_13_6 / 1 / [(0.5554078125, 0.67062265625, 0.114459375, 0.14935156249999998) - (0.5824546875, 0.7686484374999999, 0.111453125, 0.11950625)]
ant_subset_1-000_det_dataset_0_000209_4_6 / 2 / [(0.5635046875, 0.93306640625, 0.145353125, 0.11944218749999999) - (0.62906953125, 0.86231796875, 0.1340953125, 0.1285859375)] [(0.62906953125, 0.86231796875, 0.1340953125, 0.1285859375) - (0.7204539062499999, 0.83133125, 0.1149734375, 0.12420625)]
ant_subset_1-000_det_dataset_0_000211_11_7 / 1 / [(0.09719609375, 0.5424078125, 0.1317265625, 0.1253) - (0.0427546875, 0.61337734375, 0.084971875, 0.11358281249999999)]
ant_subset_1-000_det_dataset_0_000216_4_5 / 1 / [(0.22601640625, 0.47574374999999997, 0.1253328125, 0.132721875) - (0.22898046875, 0.371084375, 0.1208046875, 0.13683125000000002)]
ant_subset_1-000_det_dataset_0_000217_16_5 / 1 / [(0.83737578125, 0.94690625, 0.13518593750000002, 0.10560312499999999) - (0.83741640625, 0.8669140625, 0.12407968750000001, 0.14825)]
ant_subset_1-000_det_dataset_0_000218_3_7 / 1 / [(0.89313359375, 0.3744265625, 0.12360156250000001, 0.14291875) - (0.8884734375000001, 0.47416796874999995, 0.123378125, 0.14070156250000002)]
ant_subset_1-000_det_dataset_0_000219_11_5 / 1 / [(0.54867421875, 0.9334312499999998, 0.1254015625, 0.131278125) - (0.55542421875, 0.83395546875, 0.1243703125, 0.14434843749999998)]
ant_subset_1-000_det_dataset_0_000220_3_6 / 1 / [(0.89824453125, 0.1883109375, 0.1213265625, 0.14826875) - (0.88058828125, 0.28568203125, 0.1150671875, 0.1490078125)]
ant_subset_1-000_det_dataset_0_000220_5_2 / 1 / [(0.36823046875, 0.34607109375, 0.12002656249999999, 0.1264890625) - (0.33916562499999997, 0.39574140625, 0.12315625, 0.0976515625)]
ant_subset_1-000_det_dataset_0_000221_13_5 / 1 / [(0.52161953125, 0.11819296875, 0.10925156250000001, 0.1490453125) - (0.5444046875, 0.04328125, 0.125965625, 0.085415625)]
ant_subset_1-000_det_dataset_0_000224_17_2 / 1 / [(0.8244187500000001, 0.7750140624999999, 0.13974999999999999, 0.099659375) - (0.78650703125, 0.8344671875, 0.11463281249999999, 0.12238437499999999)]
ant_subset_1-000_det_dataset_0_000224_2_7 / 1 / [(0.59002421875, 0.6246890625, 0.1329703125, 0.118015625) - (0.563659375, 0.710234375, 0.1471625, 0.13218749999999999)]
ant_subset_1-000_det_dataset_0_000225_15_2 / 1 / [(0.61276171875, 0.37658359374999995, 0.1358609375, 0.0985046875) - (0.56812109375, 0.43318046875, 0.1105328125, 0.12339531249999999)]
ant_subset_1-000_det_dataset_0_000225_5_4 / 1 / [(0.17397812499999998, 0.7725765625, 0.136296875, 0.150334375) - (0.23466953125, 0.69143671875, 0.12352343750000001, 0.1459359375)]
frame_10_1 / 1 / [(0.44017265625, 0.51244296875, 0.0918078125, 0.1013203125) - (0.40693124999999997, 0.4373078125, 0.1081375, 0.13075)]
frame_11_1 / 2 / [(0.31922265625, 0.28721953125, 0.0922265625, 0.0886109375) - (0.37838046875, 0.22916953125, 0.1187515625, 0.1239890625)] [(0.44348828124999995, 0.51117578125, 0.0981765625, 0.0981546875) - (0.39880625000000003, 0.44116093749999996, 0.09673125, 0.13079687499999998)]
frame_15_1 / 1 / [(0.31714296875000003, 0.2882, 0.0870390625, 0.085196875) - (0.37775390625000005, 0.23203203125, 0.11766406250000001, 0.1265859375)]
frame_17_bl / 4 / [(0.78475234375, 0.27784375, 0.1163046875, 0.137521875) - (0.7668976562500001, 0.359984375, 0.1186078125, 0.073625)] [(0.64761328125, 0.31170859375, 0.0900359375, 0.0818234375) - (0.6351421875000001, 0.2556671875, 0.10705625, 0.07888125)] [(0.602365625, 0.23241875, 0.110346875, 0.0903) - (0.6351421875000001, 0.2556671875, 0.10705625, 0.07888125)] [(0.8235671874999999, 0.39853984375, 0.096321875, 0.0874796875) - (0.7668976562500001, 0.359984375, 0.1186078125, 0.073625)]
frame_19_1 / 1 / [(0.31257734375, 0.28817734375, 0.0776203125, 0.0846578125) - (0.37758125, 0.25453984375, 0.11600312500000001, 0.1342265625)]
frame_19_bl / 4 / [(0.7833453125000001, 0.28951328125, 0.1202375, 0.11702968750000001) - (0.7644226562499999, 0.36130078125, 0.1138953125, 0.0735515625)] [(0.64825546875, 0.31272500000000003, 0.0882953125, 0.079446875) - (0.63376953125, 0.2554671875, 0.11256718750000001, 0.078009375)] [(0.59907890625, 0.23129218750000002, 0.11512031250000002, 0.0851375) - (0.63376953125, 0.2554671875, 0.11256718750000001, 0.078009375)] [(0.8236421875, 0.4038125, 0.095328125, 0.08254375) - (0.7644226562499999, 0.36130078125, 0.1138953125, 0.0735515625)]
frame_27_3 / 1 / [(0.34102890625, 0.31360625, 0.0928640625, 0.0822) - (0.37095546875, 0.25778828125000003, 0.06741406250000001, 0.0901953125)]
